HRV_MeanNN,HRV_SDNN,HRV_SDANN1,HRV_SDNNI1,HRV_SDANN2,HRV_SDNNI2,HRV_SDANN5,HRV_SDNNI5,HRV_RMSSD,HRV_SDSD,HRV_CVNN,HRV_CVSD,HRV_MedianNN,HRV_MadNN,HRV_MCVNN,HRV_IQRNN,HRV_pNN50,HRV_pNN20,HRV_HTI,HRV_TINN,HRV_ULF,HRV_VLF,HRV_LF,HRV_HF,HRV_VHF,HRV_LFHF,HRV_LFn,HRV_HFn,HRV_LnHF,Time,zcr_mean,energy_mean,energy_entropy_mean,spectral_centroid_mean,spectral_spread_mean,spectral_entropy_mean,spectral_flux_mean,spectral_rolloff_mean,mfcc_1_mean,mfcc_2_mean,mfcc_3_mean,mfcc_4_mean,mfcc_5_mean,mfcc_6_mean,mfcc_7_mean,mfcc_8_mean,mfcc_9_mean,mfcc_10_mean,mfcc_11_mean,mfcc_12_mean,mfcc_13_mean,chroma_1_mean,chroma_2_mean,chroma_3_mean,chroma_4_mean,chroma_5_mean,chroma_6_mean,chroma_7_mean,chroma_8_mean,chroma_9_mean,chroma_10_mean,chroma_11_mean,chroma_12_mean,chroma_std_mean,delta zcr_mean,delta energy_mean,delta energy_entropy_mean,delta spectral_centroid_mean,delta spectral_spread_mean,delta spectral_entropy_mean,delta spectral_flux_mean,delta spectral_rolloff_mean,delta mfcc_1_mean,delta mfcc_2_mean,delta mfcc_3_mean,delta mfcc_4_mean,delta mfcc_5_mean,delta mfcc_6_mean,delta mfcc_7_mean,delta mfcc_8_mean,delta mfcc_9_mean,delta mfcc_10_mean,delta mfcc_11_mean,delta mfcc_12_mean,delta mfcc_13_mean,delta chroma_1_mean,delta chroma_2_mean,delta chroma_3_mean,delta chroma_4_mean,delta chroma_5_mean,delta chroma_6_mean,delta chroma_7_mean,delta chroma_8_mean,delta chroma_9_mean,delta chroma_10_mean,delta chroma_11_mean,delta chroma_12_mean,delta chroma_std_mean,zcr_std,energy_std,energy_entropy_std,spectral_centroid_std,spectral_spread_std,spectral_entropy_std,spectral_flux_std,spectral_rolloff_std,mfcc_1_std,mfcc_2_std,mfcc_3_std,mfcc_4_std,mfcc_5_std,mfcc_6_std,mfcc_7_std,mfcc_8_std,mfcc_9_std,mfcc_10_std,mfcc_11_std,mfcc_12_std,mfcc_13_std,chroma_1_std,chroma_2_std,chroma_3_std,chroma_4_std,chroma_5_std,chroma_6_std,chroma_7_std,chroma_8_std,chroma_9_std,chroma_10_std,chroma_11_std,chroma_12_std,chroma_std_std,delta zcr_std,delta energy_std,delta energy_entropy_std,delta spectral_centroid_std,delta spectral_spread_std,delta spectral_entropy_std,delta spectral_flux_std,delta spectral_rolloff_std,delta mfcc_1_std,delta mfcc_2_std,delta mfcc_3_std,delta mfcc_4_std,delta mfcc_5_std,delta mfcc_6_std,delta mfcc_7_std,delta mfcc_8_std,delta mfcc_9_std,delta mfcc_10_std,delta mfcc_11_std,delta mfcc_12_std,delta mfcc_13_std,delta chroma_1_std,delta chroma_2_std,delta chroma_3_std,delta chroma_4_std,delta chroma_5_std,delta chroma_6_std,delta chroma_7_std,delta chroma_8_std,delta chroma_9_std,delta chroma_10_std,delta chroma_11_std,delta chroma_12_std,delta chroma_std_std
758.8926996570309,77.52581108938914,,,,,,,32.27926804469769,32.374724813655966,0.10215648552743443,0.042534693059092236,753.8461538461537,91.23692307692309,0.12102857142857144,107.69230769230762,10.828025477707007,52.86624203821656,15.7,203.125,,,0.0509427607564603,0.007187576097109257,0.00026916419285472775,7.0876134135051165,0.8723150000196698,0.12307598469712168,-4.935401285490818,2021-12-23 15:27:30,0.09870689655172413,5.196860118735292e-05,2.9589560366922765,0.1597680798811194,0.1546134965921828,1.0103340533127143,0.004120445622135904,0.16111615245009075,-33.13140507929906,0.8734699707079228,-0.4877534299942452,-0.17385211446406906,-0.2537228680834089,-0.5360318716015467,-0.347538076511227,-0.3841592069734704,-0.14506443029114394,-0.2975871978138323,-0.2918795011074394,-0.2271946219246174,-0.2463977310677023,0.020724800498455744,0.00548220715089085,0.008252097252077602,0.011112357066335884,0.012203378060751065,0.012856001675855438,0.010494988816698378,0.002826446361999444,0.006720155873329098,0.005894908215981283,0.0181987480473193,0.011413944426876198,0.010363406371712996,-0.00834845735027223,-1.552216514833448e-05,-0.0010033555455213118,-0.006207974880453189,0.0010788794413447822,-0.05392434316686158,5.639624450595778e-05,-0.012114337568058077,-0.17355489684875955,0.01512098441669201,-0.046225529547922715,0.08759022323108097,-0.045660325163366836,-0.007980267818011566,-0.010696602468271069,-0.010996844317803456,0.034467583871321886,0.011753991750624346,-0.006978675803380616,0.002144670273735793,-0.010179285954086636,0.0006437098467965852,0.0009466664750495652,0.0002120354550311458,4.290726406599738e-06,-6.9728078951295e-05,0.0004279718387980466,0.0013850262148011113,0.00010669315969851711,0.00011569537470007285,0.0012055172660394456,0.00029389830072104286,0.00030566581706368347,0.0003042673073632649,0.04415599850020442,7.306560171416242e-05,0.4263293106095897,0.03795467360290805,0.0203849463721348,0.5120552840013436,0.0016345645971318661,0.07496224907753829,1.9677161134821564,0.8775877799949462,0.580484765949191,0.8710155162950182,0.4115920865003068,0.4048607457568208,0.22029841241188108,0.3116412117535842,0.3252379000211792,0.31642245298759725,0.11669538798374075,0.2953540580315745,0.1811393230591805,0.0242715645879216,0.005674622603314342,0.006570712063957901,0.012637344257737932,0.010924441906917591,0.009934364785462195,0.01018356465473672,0.003466267245006159,0.007165432702955664,0.0063726840488341355,0.016369341610283892,0.009998160227987907,0.006006208762608405,0.029270564611590864,7.000426156947546e-05,0.5889119180234214,0.03638768129481176,0.01947106864350643,0.4543459648725891,0.0017227942260944244,0.07098153920916071,1.6920117438335958,0.9305012706761784,0.61148858476898,0.6319183231898956,0.4087556417059852,0.5354814260290818,0.2869165468613346,0.4071546508559436,0.39056003357831465,0.30278104114301263,0.1736341006094403,0.31611380974815456,0.2583605146233909,0.034415943743506726,0.006998616419395435,0.010557720552308364,0.01555201491833124,0.012863395146994921,0.0137525286999968,0.010957995859263048,0.004196300166099339,0.00907991560731252,0.006483184499931061,0.019864815706799856,0.01048742177371907,0.007969957109315886
758.451739343459,77.00124170986315,,,,,,,32.43751506440236,32.54063036943698,0.10152424698309476,0.04276806734266488,753.8461538461537,91.23692307692309,0.12102857142857144,107.69230769230762,10.828025477707007,52.86624203821656,15.7,203.125,,,0.05280331750426937,0.007576459489670664,0.00027597949933972206,6.969392178003267,0.8705409108222005,0.12490915830074735,-4.882709274241834,2021-12-23 15:27:31,0.08840744101633395,2.524118780360844e-05,3.1624697518709017,0.1489111495504202,0.1550558511059705,0.7659684480857807,0.0037980641208000725,0.14296733212341198,-34.385939448547965,0.377588622916048,-0.5176464048999107,0.27278961305384314,-0.7612201044116959,-0.09748152184955668,-0.04697574329972035,-0.3456084618076559,0.10919458779369816,-0.19485747557862754,-0.21208444265617507,-0.06094982156374151,-0.4188539930176679,0.019020926862361343,0.0038193190871708155,0.0064211001906398744,0.004821063572718792,0.005105525115045107,0.010713345925666782,0.00981532688682303,0.0028753295805831755,0.004883908372852316,0.012765315560711884,0.01647536399691733,0.01638717719162646,0.010079444913766795,-0.00045372050816696837,1.1346594431340066e-07,-0.010229881975019528,-7.118020549164717e-05,2.232299385816067e-05,-0.009351538139940463,5.743625453800014e-05,-6.938893903907229e-19,0.014293087323123288,0.05156626903082996,0.0357189865633938,-0.041929389215636784,-0.006037052042606917,0.032618697603500516,-0.007470499033348984,0.010602880573491687,0.009948647664068049,-0.015345990395146803,0.004784105637791599,-0.00465165360972319,-0.006035340853417404,7.840307465456515e-05,-0.0006336057751803497,0.0006609150861282477,0.0007364787326568273,-0.0003150508543508563,0.000300924395000784,-0.0013717259934352714,-0.00013436818652924826,-8.43574915438435e-05,-0.0010210610153671726,0.003272972353249672,0.002286616664661731,0.0006596907570765624,0.029775708666707763,4.2138781846114837e-05,0.13730170991620194,0.03476432075798026,0.02347711637524653,0.4588243919301011,0.0022583695958356144,0.06466017110615964,2.19001260505003,0.8163918098063753,0.5760340213775159,0.46775491210627207,0.3960724570924721,0.32228966653830243,0.24731903863854696,0.22345094322230868,0.15441309910508566,0.1829585862962213,0.23425671028443265,0.1299063976359452,0.17390041369440756,0.021174616391347986,0.0019991359920903747,0.00822872435080745,0.0034523084467946194,0.004601223835292118,0.011465557655877026,0.01444473808468205,0.004565867086935327,0.005148438906061417,0.013616939816692448,0.02103383943268353,0.018178718578311825,0.007943442879142414,0.0386377046903802,5.1466011277738046e-05,0.15677107624793582,0.04391371271128473,0.029701984698726917,0.593472858735912,0.002743526518047744,0.08507616447443213,1.9017959020295456,0.9320021990240592,0.6365346467424684,0.3202694267442969,0.31610060387698186,0.31764128583961937,0.20024488099366003,0.2838751161749406,0.1827029953160325,0.2394907823250801,0.2807895256694776,0.1688658344401208,0.21542362660833425,0.02683666844077911,0.004304558123016731,0.011173842068029644,0.0040178709261415434,0.004901778146067628,0.010077667173058602,0.01582076367459674,0.006395999676004381,0.007360972273940197,0.01612595465721287,0.010761976282795935,0.020566905064826658,0.008165693682529021
758.3047525722685,76.82502324788226,,,,,,,32.27926804469768,32.382887252195964,0.10131154128637833,0.04256767208065385,753.8461538461537,91.23692307692309,0.12102857142857144,107.69230769230762,10.828025477707007,52.86624203821656,15.7,203.125,,,0.0548731956436994,0.00805096724360695,0.0002871501453995406,6.815727102513389,0.8680913749617525,0.12736592323974247,-4.8219630402843014,2021-12-23 15:27:32,0.08200998185117966,0.000253320559968874,2.885897800953868,0.13834167389514948,0.14605942635065233,0.6880996725182225,0.005521920576507188,0.12450090744101636,-31.026856015040533,0.010135690552522114,-1.463399589872139,0.16429426396872465,-0.18574943545927106,-0.3988569371657375,-0.3102266315461209,-0.3147694960040384,-0.14535665659132202,-0.15626614792993365,-0.3172967787200357,-0.02331839472026477,-0.3657714330568772,0.021591573834104327,0.005246006768331665,0.008641913356243829,0.005983942756302407,0.00932661639684478,0.011582328301832309,0.004963775631723674,0.0031494174173835954,0.008323489224606944,0.005386126850523835,0.01161315165406709,0.01308481718850327,0.010601118773046436,-0.00043103448275861917,4.303858624519518e-07,0.003936163701047235,-0.0014316058989259075,-0.0012086549633297085,-0.0003140289866394003,1.4208451111227664e-05,-0.0012250453720508187,0.12417213604969532,-0.03323742632420884,-0.06873971528755526,0.0251292890465535,0.049490733508341885,-0.0597277372572077,-0.017440881215282353,0.005110533182321814,-0.04289924391408437,0.0015899098495633381,-0.01409238871500651,1.86183531937667e-05,0.015165576313739668,0.0002728253616074634,3.8862869004949124e-05,0.00012564141312624652,-0.00013254442276102528,0.0017838958099172816,0.0013499740171561015,0.00024811442912481545,4.3117324526884634e-05,0.00029408907941951695,0.0004931875717318733,-0.002959059491004325,-0.002623773175949568,-0.0004276580462596906,0.033685463062539917,0.000574894959212475,0.5957740927237744,0.04462117669469518,0.02585351634701884,0.5374541060348371,0.0026202014985486715,0.086468511240155,1.7596432972332023,0.8399099705404048,0.6475148133779419,0.34729707232534834,0.2586446997463322,0.3637967897270865,0.3917687855462319,0.2626337580982329,0.33241560502190765,0.22137034994488491,0.21362452523219155,0.2167105889553976,0.2919914213815078,0.021902449071423986,0.0061626127607567185,0.007872502380365545,0.00631661566833176,0.013308596146415807,0.019577588272129902,0.007583916408286086,0.0036936962235607626,0.011833017215957243,0.0050889555780470035,0.011372784261873516,0.011572348496763623,0.005885713175323279,0.04350478810303559,0.0008395002319327647,0.8473453889096807,0.04147003957063672,0.028605160378655136,0.6106941663798726,0.003876128684014936,0.0953073488739022,2.482561284103553,0.9239149987949908,0.7851748069746131,0.4348561997033213,0.4284917146759959,0.4178313651992458,0.4058186589723078,0.3454692172672608,0.3969587934697244,0.2653503452302466,0.29911345551936264,0.2412793280334093,0.3078418495877043,0.023295569804762155,0.005768064478137968,0.011412088390471328,0.008314354217527391,0.014411556836949859,0.024782054302901847,0.010495556270682186,0.004177520643207826,0.016175178208967134,0.0050620180227540145,0.0218948411744449,0.018971019074453317,0.007802689969815838
757.8402366863905,76.84100412627063,,,,,,,32.20591317867662,32.30842888989399,0.10139472728744672,0.042496969175845,753.8461538461537,91.23692307692309,0.12102857142857144,107.69230769230762,10.897435897435901,51.92307692307693,15.6,203.125,,,0.05636737763493446,0.008565391501940271,0.00030056611127329976,6.580829098374065,0.8640885433883242,0.13130390266506325,-4.760025438742206,2021-12-23 15:27:33,0.0707350272232305,2.714837672217812e-05,2.9363306046200184,0.14972402535359902,0.17766124028790314,0.5181382665134212,0.004748853780394703,0.10662431941923774,-33.570223784272265,1.4043851895455175,-1.0810398327519943,0.17910489328257942,-0.5435427438877544,-0.4164239216362943,-0.2509938247135969,-0.06243719526743832,-0.16163390635201813,-0.17876556064520435,-0.21345835139786545,-0.08044285586875005,-0.18356657437121207,0.023018608048482308,0.013559778755445284,0.016404455997069158,0.010119846019941323,0.014515856448204847,0.012529476039090128,0.013766096557800594,0.0029517682358084683,0.007931339606305123,0.008537360784837428,0.01373757335588555,0.015956462415523363,0.01380553412782314,0.001837568058076225,-5.53603429757551e-07,0.0052084894374391216,0.003261458581623476,0.0025169079988688154,0.015315815410105516,-2.363978135344184e-05,0.0014519056261343018,-0.14214814531146694,-0.022713574675789168,0.028087819026769417,-0.017827504486033506,-0.06606906422303943,0.04096470060891237,0.05749249423021322,0.014268300083388103,0.0010346364904102957,-0.0009152339204922936,0.0017236789712932804,0.015715522803409314,0.013176886862316859,-0.0009271729342772887,0.0008739805105098322,0.0005740722590719336,-0.00031081293626791616,-0.0010561512089331706,-0.0018340635441692625,-0.00014268111612381106,0.00016939707874698832,7.391158677699512e-05,-0.0002290584619591126,-0.0005290015463020354,-6.65616720535232e-05,-0.00021038113963451385,0.03843575126459047,4.237094286009472e-05,0.420115795112879,0.03973793269957508,0.02344196036126902,0.5599554597563308,0.002700786514342657,0.0931489418786109,1.6042112757965732,0.6670930356345589,0.5371983147977683,0.5346936675569641,0.4772194986665436,0.33431799351803915,0.2709522252135458,0.3262247460058202,0.2720937778088401,0.1761447208332784,0.1734413883279018,0.2376687109817281,0.20444344764007266,0.02731444982731361,0.019841687372059217,0.018946325988370327,0.009512747847028958,0.01432814553968819,0.00729526799918142,0.01943270201537815,0.0029258046259053013,0.007444873061706994,0.013374521504836605,0.012677567037686271,0.014537896955317996,0.0073549626960273656,0.0427818923276197,5.060635332417492e-05,0.669499578041722,0.0425241841226795,0.030846423006879425,0.6404506324102386,0.0039758998613545395,0.1137097823049942,1.8022196984776448,0.68399294938419,0.4948000972006382,0.4843632004464781,0.3470883788106011,0.2977349763699316,0.2852953467789707,0.3250071106152378,0.3204224193520641,0.26361829020471617,0.2256804173769087,0.3029115067695241,0.18726721723157488,0.03435788031757212,0.02399685233616516,0.018632454219609216,0.009312513414900268,0.009797107016831343,0.013856278665851426,0.02217878452190724,0.0043938619712773075,0.010105175256907215,0.01784534522590692,0.015213058246655413,0.010753825421447422,0.010328957849823506
757.6188143067124,76.15303843929884,,,,,,,32.096614883775835,32.192537240739625,0.10051629790765633,0.04236512382964915,753.8461538461537,91.23692307692309,0.12102857142857144,107.69230769230762,10.828025477707007,50.955414012738856,15.7,203.125,,,0.05665786372456263,0.00890721268087105,0.0003107553319013561,6.360897146448507,0.8600705635182421,0.13521214755035724,-4.720893916870802,2021-12-23 15:27:34,0.10106624319419236,5.747247779849157e-07,3.21006467767672,0.19559102156444869,0.2053713326849687,0.7703648925713036,0.0022400695729038697,0.14414700544464612,-37.03813609094817,1.2661260342031675,-0.7606603662845638,-0.07698782473857255,-0.6099821871908662,-0.2386528052447538,0.12434587256157945,-0.019387040997553017,-0.06742797328328366,-0.2950875784433859,-0.15713160449016994,-0.13714364199468293,-0.10689204018031737,0.010162284631135068,0.010251934722440759,0.020624270501081208,0.03969969792139312,0.013589561329342631,0.0074255156432425735,0.006274661988887829,0.004166688088946926,0.00738242018672739,0.008041743968959285,0.009593696915811665,0.005404787623208706,0.012914547284682259,0.0007713248638838474,-3.415300119658149e-08,0.0030545048446337874,-9.088661347059214e-06,-0.000800051291892813,0.015738597355701982,-5.623735080903842e-05,0.00367513611615245,-0.011475909804617148,0.0007554215469027681,0.009490431035325705,0.007461329494438899,0.038838713029969836,0.012087002221966172,-0.02017918662968068,-0.01642114535499713,0.012791070207890904,0.011988075044227423,0.022089514662776,-0.009615146784383938,-0.02093773232284729,-5.3151537080371726e-05,-0.00041101742461111847,-0.0005162676138893251,0.0012074944887131393,-0.0006332343454993157,4.155903189834494e-05,-0.00011389394120466399,0.00018088839162422527,0.0003704058480775811,0.00029546134356390374,0.0002553757156352793,0.00011774135440410324,-2.535897296491009e-05,0.02011209235933181,2.351599297299043e-07,0.04771860365654758,0.02761243110771217,0.015267679122827437,0.20651142553831853,0.0006700781324119992,0.07681062074726497,0.6089411245321406,0.3770705674087069,0.3954309924511685,0.23603243194519424,0.24988907135541025,0.26430878112174017,0.17935629373736606,0.20437294525127647,0.1983171470072254,0.19087787909612366,0.20888821418633846,0.18544184220702373,0.12064813185282156,0.005315884325838728,0.012110092399888231,0.014463151660501088,0.03408774774706212,0.012748211350618136,0.003224268764027348,0.003651881584052431,0.002545431367603277,0.004744604047686598,0.006526540964678648,0.005218315988740057,0.0033449557553888467,0.008213220296742877,0.027008034814703288,2.3609016199413038e-07,0.06255927942876338,0.025679827158200587,0.01192934753470602,0.24437777225097745,0.0009980050524646122,0.10192686555556946,0.3332301579286032,0.2682118348887509,0.30626641144782896,0.21082440785534115,0.2588144675990666,0.2964343387650195,0.20563845015876966,0.2489379552389388,0.2219325924513416,0.2465641473706337,0.2044109795603692,0.17767440726650846,0.12856363252927813,0.0082990638248319,0.01294100908918838,0.019732853648409508,0.0450610696334055,0.01796794439768741,0.004647936293661612,0.004885832695591936,0.003721968749079753,0.005867152486470323,0.008826506104247319,0.008195427646620622,0.005079201218399735,0.010872206934918095
756.9328760411563,75.34304227717939,,,,,,,32.096614883775835,32.192537240739625,0.09953728350554933,0.0424035154235138,753.8461538461537,79.83230769230782,0.10590000000000016,107.69230769230762,10.828025477707007,50.955414012738856,15.7,179.6875,,,0.05377263112524817,0.0087898661196196,0.0003065475058928967,6.117571120363697,0.8553117251649918,0.1398123059522588,-4.734155798388575,2021-12-23 15:27:35,0.09838929219600727,0.000100907753384444,3.025119319824802,0.1749748885255583,0.183325023612744,0.7357275775310724,0.003395759530490513,0.12554446460980034,-35.230675300560506,0.9893634120050177,-0.6583942946353462,0.12301956213987585,-0.3006430375620717,0.01641753121833801,-0.13014934883496104,-0.3534013742609005,-0.0829631542083388,-0.17495504945126278,-0.3341078770885728,-0.2458459395981608,-0.1765649803478035,0.034920845230191164,0.00866995358430181,0.01768367035201805,0.01304980368429599,0.008823806538645212,0.009874230545543624,0.007021655019285002,0.004003223739196848,0.014115328684341238,0.0059132878993462465,0.012069844269808307,0.006844509054211818,0.012440314115364282,-0.002382032667876588,4.0178975996395973e-05,0.0008962450050699732,-0.005055384268523232,-0.004964531700850965,-0.039276238545467884,0.00029566686769377836,-0.004174228675136116,0.3835044844083319,0.003518796140357983,-0.02670385743841201,0.06388789494507749,0.00543252345085425,0.00474314090807211,-0.010844069103070151,-0.001377822876068882,-0.008914570927547105,0.009636226778564514,-0.02351398987042225,-0.030494091512316975,-0.013486586896446284,2.9569000152816468e-05,0.0007658523260776916,-0.00025154603005173845,-0.0007282920214680659,8.530084525210687e-05,-0.0005314534279849539,-1.304528160153232e-05,-0.0003380915579752916,-0.00041129711322827016,-0.0007070227857260313,-0.0002332446988100484,-0.00018668391403637105,3.34984565777954e-05,0.02295317969636716,0.0002152465494093615,0.5528951882385363,0.032933980317626614,0.04039322017465463,0.2848277223502376,0.0022946240011943947,0.04648036102542822,3.6571553230498623,0.7411059502259607,0.4114831666372944,0.3565287502100371,0.35911390292755635,0.3495519469383963,0.1430354197368597,0.29139222276893423,0.2872949986563363,0.2024748879892503,0.18441130977798656,0.19371392613315366,0.2799185847811368,0.03194165728896379,0.0076851270295875485,0.02033661873269485,0.010730097003491005,0.006816132581411687,0.008703333605296022,0.004727898728224289,0.0033400947951294233,0.011116100760841949,0.0042476488804589225,0.008712823400571055,0.007674416785148394,0.007530975863998968,0.030642724215437962,0.0001985589017672782,0.8028003311074001,0.02778399347937368,0.030270963865176193,0.3528193997142478,0.0026733600142344435,0.057986403998458426,1.6050432246687012,0.7351597778420551,0.4825036184067629,0.3618350550083247,0.3596696525358242,0.4294775896753971,0.16850803147683335,0.3587228750579957,0.3263465001922958,0.2341609615230761,0.25859375567055204,0.20743421905277548,0.3435190109790162,0.04177720910324672,0.00859197292990567,0.028376040627793333,0.016054438904290088,0.007270578930842789,0.010928311141809744,0.006326060168410632,0.004440697658028149,0.012866631772453178,0.005232991624376128,0.011900879376743272,0.0118814268068736,0.010505665263954531
756.2469377756003,74.51788859609375,,,,,,,32.07297096536722,32.166529455935084,0.09853645003215247,0.042410711849896005,753.8461538461537,79.83230769230782,0.10590000000000016,107.69230769230762,10.828025477707007,50.955414012738856,15.7,179.6875,,,0.0499865063754898,0.008630833215123321,0.00030315286866004786,5.791620012758592,0.8483721756066671,0.14648270669307614,-4.752414229865597,2021-12-23 15:27:36,0.0704174228675136,0.000142798392340664,3.1951339328840267,0.11849501836064,0.13796144248696324,0.5899891829880868,0.006197308788064518,0.10086206896551723,-31.097636579935465,0.8452543067790412,-0.8378115345669096,-0.012892031824986269,-0.062350359396778375,-0.5632005478075015,-0.16553153460433762,-0.2861110709404106,-0.13927664767638448,-0.2001483933294898,-0.2349939322606163,-0.1306771550982138,-0.5235360788460632,0.0314474378525499,0.009225142634333642,0.016908709904621295,0.014484199930021022,0.011656049271815705,0.007390815450022885,0.01375250027165775,0.004499799563861499,0.0032921720070864732,0.013868368468970356,0.01867860697412109,0.013217413130348871,0.01671991403786366,0.0014519056261342994,-3.8963476547380224e-05,-0.006429548722453005,0.0028478282262872864,0.0030854842920801906,0.045446282507873685,-0.00027723301229580136,0.003266787658802181,-0.17160873498590182,-0.039918734574551834,0.04162672950314575,-0.08038482194473877,0.02415776514256816,0.0017790191631432415,0.015579203619270962,0.0019896307492913074,0.02713738264428853,-0.003791884936909944,0.03324846138600964,0.032291397399033604,0.013912142412666613,0.00034271467850620764,-0.001274172860523525,-0.000779567548994418,-0.0007724953500250114,5.454201568627941e-05,0.0003781279603424447,5.8277604965922326e-05,0.0002490995557743251,-0.00027954950375204293,0.0018891427826167031,0.002512121667229509,0.00046823421263135067,0.00031248262626559434,0.03380890686868656,0.00021714260585962926,0.07768827007209562,0.029550951141120163,0.027795325947889887,0.4315912893875888,0.002679428889457137,0.05556272161750202,1.284987718926819,0.6414795457033383,0.8108352261222079,0.5956536727494262,0.30535380041249155,0.3793108639352136,0.21581867709664115,0.2630418702764402,0.2118795879024548,0.16677333769993294,0.2556014359892529,0.2477296902963593,0.1992544494730317,0.03643246524057185,0.007946908506116849,0.0251616455310257,0.01657600855371956,0.013049080963617723,0.007122613607310505,0.02520182634088055,0.0039259783936822475,0.003989811408688935,0.01495187899867936,0.019271357469283525,0.01546568141785389,0.009315114573464688,0.037330638920129736,0.0002482826092765749,0.10872703034720793,0.035731340776487736,0.038291930684822256,0.42424452929848816,0.0039953123245666045,0.06339331241998793,1.1054153076690936,0.7735800557683659,0.7391039048422537,0.415210033749127,0.4104703587483201,0.3651824219025381,0.2274488213820333,0.2735793930974875,0.19454875342206235,0.2303135506678402,0.2511568153337301,0.2382584238363699,0.2482971837649183,0.04823528522972465,0.00936913248971712,0.026093533619074863,0.01706960052926521,0.017913222613935274,0.010231257027686713,0.02365319775333069,0.004893229645010943,0.003759606293421676,0.008847709008375674,0.021070604636529933,0.017342958772715054,0.01233147608408315
755.8909444985394,73.41546031373291,,,,,,,31.97066457723343,32.067546972944434,0.09712440775757272,0.042295340101531284,757.6923076923076,74.13000000000017,0.09783654822335047,100.0,10.759493670886075,50.63291139240506,15.8,179.6875,,,0.04691285407691309,0.008494278311433021,0.0003009036460656655,5.522876971639828,0.8421200497525033,0.15247850967472565,-4.768362481977613,2021-12-23 15:27:37,0.07735934664246825,0.0001571205790050839,3.1294309196606243,0.1315178963277352,0.14344925614573914,0.7077793881569916,0.004400427580716243,0.11551724137931035,-30.924407887493647,0.1849460840286288,-0.3576834654661644,-0.08636881582347677,-0.5019534636905416,0.1664849398603398,-0.3922527696101198,-0.03132404628306002,-0.10378519099799004,-0.19322990774754328,-0.10684399336152907,-0.20348813790748568,-0.2400903430952329,0.013131655771192224,0.003219624807883057,0.007247926113423365,0.0070485242662687905,0.008521171130993392,0.016731669178425747,0.003839807053556513,0.0018714798241907921,0.002796212473909567,0.006339792970738546,0.037547980435147725,0.01115852126085117,0.012353725676398128,0.0019509981851179668,1.392984614171273e-06,-0.0004371591408145248,0.0023179099652061398,0.00020681276668936131,0.024674215845323973,0.00019913413875993318,0.0042649727767695095,0.010689552083928966,0.025266386927413315,0.09009896016406854,-0.01735197100361683,-0.03488929893639441,0.015422726731479274,0.014332140850526387,0.03555673990607218,-0.015749934024734402,0.01716932913831567,0.008567118065883221,-0.018706108518244752,0.004186447741755621,0.00010397638747051998,-0.0002465404553040585,0.0002020524901876864,1.695119511146043e-05,9.095534590924168e-05,-0.00021264179720676123,7.359803060777441e-05,-0.00022323214344694594,1.0365579233968044e-05,-0.0013857066721808524,0.00034168664924951744,3.721273783606699e-05,-1.5422719216606415e-05,0.02439037884229257,0.0002256983289064005,0.2530662656283289,0.02544407177181373,0.019699953432877008,0.3467243402133515,0.001995151809212504,0.03832163272132871,1.5831221820957573,0.7047932572010974,0.6078359872095801,0.3664798684930784,0.43533336015705226,0.26861825700514314,0.2417493658156573,0.28523309834161986,0.33114744536450624,0.24668152714592384,0.2551568246704352,0.1730978899579891,0.19054117200186235,0.015005332123657275,0.0024018691858379393,0.0046105525748000795,0.00823196258752887,0.009435685583916607,0.015774523407829345,0.0027738536235471056,0.0012265920472089554,0.002264363246618159,0.004481144634347753,0.03813012935145257,0.011259667317099629,0.009948608351460449,0.024136523777598968,0.0001807698140700088,0.3292029222009933,0.023881236719334144,0.0217515614158624,0.4020265236924331,0.0028161391616843105,0.05083702924845068,1.1379238795829645,0.62850973280989,0.5313725535032247,0.3817697046890621,0.4319950231198425,0.32780000484724403,0.2588893522763044,0.26972325476810666,0.34597802190708377,0.2322070662460038,0.3130646540409634,0.24786965385773144,0.1807301186506148,0.014157104728945566,0.0022929146215808077,0.006917292464067651,0.011488324926151776,0.01315997853767357,0.01824418190556989,0.0034663337477982893,0.0016285130900353735,0.0028971247050984467,0.007427961074270556,0.035720394631767176,0.016216260618309553,0.009070274487039402
755.111976630964,72.52420366476117,,,,,,,31.97066457723343,32.067546972944434,0.0960443032414052,0.042338971658051235,757.6923076923076,74.13000000000017,0.09783654822335047,100.0,10.759493670886075,50.63291139240506,15.8,164.0625,,,0.04380877102304735,0.008335314881541381,0.0002985092415122005,5.255802767578968,0.8353661923289564,0.15894169345204698,-4.7872539852636375,2021-12-23 15:27:38,0.07674682395644282,0.00015224175681022946,3.066937417013712,0.13097226171205975,0.1377709048011909,0.741989014566152,0.00592005804916857,0.1282214156079855,-30.486235947888197,0.009724312902892695,-0.7134612383968862,0.19275348333652625,-0.23471034643643202,-0.30212774821765426,-0.5187437834865326,-0.10152982186633253,-0.008106143601301267,-0.2693047183913416,-0.04378061384639435,-0.08563310264646214,-0.12493159012986325,0.020722975382944687,0.006582074963991226,0.009265905769797866,0.00818354757951165,0.008535436974755603,0.006043209148568255,0.003327945499328709,0.002434155928110132,0.004364601440047375,0.008452902304373,0.02501267152878317,0.007063974924998473,0.011627746765924013,-0.003493647912885663,-5.983842352344683e-07,4.563770808383438e-05,-0.0042478127468008825,-0.0010457058686580867,-0.06716641961023295,3.0573323413370534e-05,-0.00852994555353902,-0.05605572303973876,0.03842363002631531,-0.16909467894242844,0.05574483715911995,0.06802834097648483,-0.06884294790893405,-0.008213390084919229,-0.02014309575960068,0.0006789493137585978,-0.027113525467341616,-0.03004018384967229,0.0015205931152256075,-0.01809727093522602,0.0029940954073183357,-4.011627560130129e-05,0.001374017279912337,0.00012085699894167243,-0.0003587806727143472,0.00018418779776658835,-0.00012128450076746534,-6.345997039625302e-05,-6.662116164625137e-05,-0.0004816234629120759,-0.001976623827010027,0.0006381825121283223,0.0002464107726023204,0.037084616126259656,0.0001458969072435221,0.19416300530196245,0.037090163694073294,0.03468750921030682,0.492641179367869,0.004302490717771449,0.06952804539900148,0.9933748894159958,0.7212614058016505,0.818169087096245,0.5101226192731608,0.4634542481134834,0.453000612359796,0.3590711619472521,0.3328844234460579,0.2419764633557925,0.33162864317072605,0.231843329666558,0.24123980736164816,0.2400145513125984,0.02639351886250128,0.0061983952220150155,0.010939088031980557,0.01230033436963892,0.0082130168047342,0.005158353083887915,0.00254873254360056,0.002610466392358857,0.008532711326287924,0.007544302172740473,0.02693837299038216,0.0066307233383927685,0.0080093955229486,0.048875639969049166,0.00014239817958855232,0.2637496534275697,0.044068301967502416,0.0401072051092962,0.5975453640957125,0.004152013701074284,0.09316083110110056,0.9537695720114616,0.7557127786136025,0.6958295721609795,0.4011887723412874,0.3609147342152692,0.4017296739359214,0.3536279486266021,0.2847477589629241,0.24867687303503416,0.2976914667531679,0.3225241743174613,0.2995370968158582,0.2364042758136781,0.03727231996319901,0.009101808833077622,0.011647179136524393,0.017002341849997618,0.012544154213635486,0.007096433035882013,0.0032491850952255114,0.003787925543230807,0.011942173321142243,0.009859058679636616,0.026894378241334685,0.008427951635759663,0.00989631962155416
754.0895813047713,72.04221641020807,,,,,,,32.39227396782593,32.474510680693776,0.09553535574056904,0.0429554720962712,753.8461538461537,79.83230769230782,0.10590000000000016,100.0,11.39240506329114,50.63291139240506,15.8,164.0625,,,0.04013543990331237,0.008132804437469606,0.0002953569414097203,4.935006148481774,0.8264510630110552,0.1674670786915449,-4.811849465645482,2021-12-23 15:27:39,0.05174682395644283,0.0002375767683784917,2.968954564050601,0.09778507128017856,0.13335854891909055,0.29432417073627065,0.011375437644037556,0.07708711433756807,-30.845787711714177,1.4739790457737267,-1.6622794506132013,-0.09726058094092216,-0.28515933237417634,-0.3898619151780853,-0.13407438636761448,-0.0518635631476427,-0.0661783284607028,-0.22508586390200971,-0.29566685659241976,-0.09250142184670547,-0.31504241319483217,0.02241142634083609,0.0196179357201307,0.023542527729632414,0.008387303439144934,0.007975229308829533,0.0093962617475711,0.005793254601018167,0.0040502999084830365,0.006112769254765181,0.005136480901087241,0.013020262648588252,0.018123288064468068,0.015212470918444031,-0.0001814882032667872,3.6146317853395095e-06,-0.00023426147731770987,-0.0005442720995242775,-0.0010815477950839349,0.0029497534814560303,0.00024896815200346073,9.07441016333943e-05,0.09591307940974987,0.002266372120774718,0.0006834853124262463,-0.03136499409786083,-0.0438013624272881,0.015856521660047206,-0.01578311377070883,0.0009600142312275984,-0.022883244986486702,0.024568354061595892,-0.00517768034592851,0.014742116585453028,-0.009292514987235065,-0.0024302875188827533,0.00010308383020071414,-0.0012897138836158255,0.00014050194555021572,3.987105042963317e-05,9.722883228034268e-05,0.001372463951076529,0.0002583817382816446,5.819310774294769e-05,-2.476881047298679e-05,-0.00024250480189297544,0.00152548208698621,-0.00026637260306737584,0.030768632327644718,0.00025237542430354835,0.4474133865120588,0.033670418684191385,0.025651533071386533,0.4815482489542352,0.0065344930379342,0.07419598397530096,1.2961211064215317,1.1357729267124563,0.6020177381595365,0.6872375561193657,0.6584782718105249,0.3317699261437202,0.2147527153692665,0.32823694907501016,0.2891314613569897,0.27408967204405804,0.2728036531670687,0.3765674741740161,0.31655132778230544,0.02348140754928155,0.03076796204490095,0.027903886359848657,0.009699309688437508,0.008856090396265724,0.011779162908156155,0.007415690704648952,0.00484872241250752,0.008077664950043266,0.0061775991832525926,0.011934965412890484,0.024348622314120456,0.009191428641014413,0.030855129636810762,0.00027241197429007203,0.5952324952246558,0.03993166148058688,0.033002169873625406,0.5182532969431801,0.008960729077146248,0.07507060498328806,1.2593143209004207,1.0290874344435743,0.70109236120862,0.7179169186543822,0.5527573203623538,0.4148338968817208,0.2710322013846663,0.4325136261142644,0.3613706179349738,0.31045784585018105,0.2861436862683521,0.3746064828966393,0.35318847076262644,0.038778573918196564,0.03413758275594723,0.029765880704223337,0.013474000858494787,0.009203019020228959,0.017349830206148862,0.008441035002320761,0.005105436307662393,0.010485769030632707,0.007558778837470335,0.016106339391705686,0.028310979419898283,0.009507984993533343
752.3947750362844,71.3311683547143,,,,,,,32.062639986908714,32.151199285957475,0.09480550732329893,0.042614118346798034,753.8461538461537,79.83230769230782,0.10590000000000016,103.84615384615392,10.691823899371071,50.314465408805034,15.9,164.0625,,,0.03690198485647068,0.007856015437585727,0.00028828483539324084,4.697290267521575,0.8192015112994409,0.1743987415390608,-4.846475742862437,2021-12-23 15:27:40,0.0566923774954628,0.00012017063854294235,3.0637344158321143,0.11381249381504616,0.1457930165910168,0.35205664873241577,0.007583475087715942,0.0793557168784029,-31.205237197520127,0.5833108088696077,-1.0562514082709575,0.4620998156167709,-0.2458464579577061,-0.14277588899992852,-0.4631027058879639,0.0014759602984603132,0.02223405282267411,-0.025548588412206592,-0.23708094743636554,-0.14952847684572096,-0.556136166063114,0.03989741473174903,0.006069889975566186,0.017616161939087854,0.012244614827652772,0.003672879354980065,0.007357287020665208,0.0063573538294624116,0.00868885779530255,0.001892420951403289,0.007820417366772634,0.023099637237530987,0.019077983777570445,0.01825133569498116,-0.000635208711433757,-5.4535469414068345e-06,-0.0043720174775211396,0.0009011117682357113,0.0025601782905772565,-0.006420214716142484,-0.0003896131694370748,-0.0004537205081669695,-0.21224888892549404,0.031776853435388684,0.012042073671890186,0.04309218250817705,0.010370067501468069,0.016184289248158616,-0.032345306655481416,-0.007032157686222169,0.0239169523135016,-0.01823483992806772,0.0040950697517765705,0.020451768810609842,0.0435452448030052,9.274744263315216e-05,-7.482736381716195e-05,0.0010105099184614444,-0.0001853239797744465,0.00032838310719793924,-8.611059482782294e-05,-0.0010923663073550427,-0.0002652345279861911,9.25489012978162e-05,0.00019796422633950632,0.0025635097895966162,-0.001356862335228464,0.00015866737358240248,0.015253699531244697,0.00010985156121973587,0.5124409405274017,0.016181117029702752,0.024920578964999367,0.27042552864868685,0.0033822644571220805,0.02445124192501856,1.3981828870244457,0.7582922531954032,0.6991306924416937,0.40495892482317375,0.40675545509310257,0.24967663075764834,0.3802275578405371,0.2657672590187074,0.2406688745243564,0.2496451268757232,0.26474966288186924,0.25335090755651085,0.2771038668555846,0.03256206951333344,0.006634478815050439,0.01974352488128728,0.018518741488182604,0.003766236171710393,0.012559742104899444,0.006614400478033994,0.017019060558173475,0.0015861093333840726,0.011264269592436014,0.025033040736370117,0.02133220200259229,0.007382825899684564,0.01644034207510949,0.00014040029624168868,0.7313655778204846,0.01710399634767221,0.021605719683838127,0.22899302053850604,0.003826790389962376,0.016980304376645567,1.4092380588311877,0.6605658379839356,0.5211491249012324,0.42638390473272175,0.3650143872525422,0.3407602209270365,0.3749742460335035,0.3970276153591208,0.3025710885682196,0.31166608091269016,0.2973931343220101,0.296422563794662,0.2471498169341044,0.027543325246916103,0.009015693467239173,0.027782984471518567,0.024478708770363428,0.004809672606685133,0.016866942245414712,0.00976756608732488,0.016276815454003182,0.001999883165025001,0.015553640383049738,0.02806354186973835,0.027450273907028814,0.007321383108781883
750.7302823758521,71.00209847020977,,,,,,,32.14114464452127,32.22747086211023,0.09457737370804856,0.04281317191948553,753.8461538461537,79.83230769230782,0.10590000000000016,113.46153846153857,10.759493670886075,50.63291139240506,15.8,164.0625,,,0.03263950546237605,0.007358079940456995,0.00027276053735442564,4.435872636136225,0.8105096864788468,0.18271707800538306,-4.911956257931147,2021-12-23 15:27:41,0.05251814882032668,0.00011672641418872544,2.9879230733220283,0.12265922451433738,0.15715558066706714,0.4220292932167687,0.01109093030909215,0.08843012704174227,-31.59514885834546,1.419681889710351,-1.0284051820478768,0.06625026223519702,-0.4305401733600898,-0.3883326739031601,-0.1633258934350022,-0.2725611247368446,0.025493379170725538,-0.2464196653309502,-0.14162673503364784,-0.15053799918478444,-0.3623195662359654,0.023357150855203627,0.006610545575161468,0.014163036594422912,0.0077665999166437235,0.006414894277661183,0.015321776526353172,0.0060241847817540965,0.006295701666910035,0.005047627055494248,0.008767466211134658,0.039724240641569535,0.01366056950626553,0.01762944639289695,0.0005671506352087107,7.352137519241807e-06,0.01151851794536205,0.002256971128474515,0.0005925839789352183,0.03723374265892217,0.0001815586805001029,0.0038566243194192358,0.18413985919195172,-0.05472886198349956,0.12474517714015244,-0.09521616873103242,0.01898789102731469,0.008762389855996476,0.03487752607477304,-0.0037862019483496656,-0.013042120398444764,0.02247953885530633,0.018233224768237008,0.0002733256852776644,-0.04223799175626447,-0.0008180704360245186,-5.6697895770996986e-05,-0.0012976095484181903,-0.00011533604713076116,-0.0003321306872551485,-6.714332440770459e-05,-0.00026207631190818296,0.00011222714701831108,6.253643911423456e-05,-0.0001969310825178861,0.004879452931253839,-0.001206324435491722,0.0013234517536221885,0.02650398746249111,0.00011849446563512305,0.37557769046235057,0.030978296892957863,0.025198444293833347,0.4480130467103049,0.006232760116253772,0.07145801278660845,0.9714432610642012,0.8951499761296401,0.797462228427761,0.5334677816869773,0.6054969313318647,0.4163133019837153,0.2764025044518161,0.3764660581918404,0.2934522921554539,0.2682285608256753,0.2236540985187376,0.3914054084972104,0.3855495602846316,0.025028924318794468,0.009797787693432264,0.016680102544271942,0.009325105570678576,0.00920206555315885,0.02020455982076124,0.007236120481135213,0.0073888514050992424,0.007245345817851027,0.0069183727248006465,0.04685668226368661,0.021389164131451286,0.011448073092014666,0.03422143884021936,0.00013153032044580074,0.4888112387735888,0.041271263818374884,0.029731901973393256,0.6173608924653606,0.007134438220884416,0.09733753736618388,1.5564787502420276,0.9851182724359095,0.7078203943533747,0.4886288568120162,0.5888021264744242,0.3643358171086735,0.3824593097566117,0.43686487771838,0.3656650198289265,0.2796292569432778,0.26941745909815196,0.4040743793471264,0.31676926096925023,0.029953120140585817,0.012788418205706724,0.02161800636643478,0.010732199425858808,0.013572700422483496,0.02693917144276059,0.005789847098961689,0.011583540782713377,0.009423899389617177,0.010569479450215113,0.05166824552907997,0.03262874067775302,0.014010541381135326
749.8052580331063,70.80362246736316,,,,,,,32.16458822505946,32.25399781594544,0.0944293490993857,0.042897256161464926,753.8461538461537,79.83230769230782,0.10590000000000016,113.46153846153857,10.759493670886075,50.63291139240506,15.8,164.0625,,,0.030002029300816295,0.007036954706609566,0.00026183636779481223,4.263496150207764,0.8043262587529297,0.1886541538717548,-4.956579772481481,2021-12-23 15:27:42,0.08387023593466424,8.072079291630194e-05,2.9655858215983817,0.14730213630883032,0.15688866769271587,0.8296663607213051,0.004573759086917464,0.14768602540834844,-32.400820246768134,0.9124872767253092,-0.09963687683235543,-0.3490474500599997,-0.12525680454627974,-0.5018342749336397,-0.38424810617375305,-0.12808467972275994,-0.19569505145683305,-0.21689186323617635,-0.4057909600027285,0.056753157863514175,-0.2458360414564609,0.02342686849228516,0.005111848798044361,0.014399962021760119,0.01252175418184808,0.01101521325515958,0.01727269250069556,0.007763649186743539,0.002359401731565967,0.008255057954741294,0.008081097326594028,0.02525876626302928,0.009912922427775651,0.01270473524246434,0.002835753176043556,-7.283950583415373e-06,-0.0331168231750697,-0.0003329843273457297,-0.0011567729271913351,0.00920226401506476,-0.00012421186626134065,9.074410163339292e-05,-0.14939542394160482,-0.002914534025851745,-0.03028560637870568,-0.011505097596632765,-0.06066403169472796,-0.014641380337131957,-0.03179865553827867,-0.002282231832570977,-0.03524842559922189,-0.04500444141910855,-0.04135101655096028,-0.016563301598188047,0.028842142811501364,-0.00026081820943019444,1.4943676715219767e-05,0.0013814230230449814,0.0021153228608634307,0.001315392413946174,0.00024016817062192807,0.0013652941372142744,-8.667126537317471e-05,0.00025293581008223624,1.5452937082992427e-05,-0.007944270350782934,0.00029969813812372366,-0.0015423820055689376,0.047929354905766594,0.0002105724418563621,0.2753612870766103,0.044414816117399065,0.01946828781331518,0.5013951069011483,0.0016615015718123318,0.0943533042483181,1.8200912539644665,0.959310665568962,0.8636366247543592,0.82093633811325,0.4579007794301905,0.2643542678179168,0.2969054878025655,0.16204213199997636,0.3349538276266369,0.2952520353777984,0.20132237961380609,0.1691275722006969,0.2112827113492285,0.02043642874814108,0.0065105172151197965,0.010786788995391991,0.012576394435162213,0.012985512330311285,0.013986130364685814,0.008468540782028931,0.0021529969016339146,0.008072314652363239,0.005896179428682157,0.030026385961738525,0.009836288824431886,0.007140363395344127,0.040976984672474924,0.00029352111808788787,0.4061555108815003,0.0431349939917458,0.028906551770687405,0.4727403022636225,0.002373188703974354,0.08811663457820942,1.2489881836871788,1.020590782408966,0.7233733266276302,0.5657463062771059,0.5607598736336664,0.2682001697606593,0.3367318178746642,0.22149375870954047,0.34772687662141416,0.25340740479729035,0.2743016497116775,0.2319371554237684,0.19812747487793994,0.03006545066984982,0.008750339528787301,0.013948953209618094,0.015136347033328782,0.015314265084512656,0.0184036394469916,0.010452362093544956,0.003248810280972948,0.01126171211778983,0.008434409251270595,0.028968612756573336,0.014123746944426075,0.008029373354744644
749.4920174165458,70.26453275208833,,,,,,,32.34754346580339,32.45025058266946,0.09374954118162056,0.043159290178037435,753.8461538461537,79.83230769230782,0.10590000000000016,103.84615384615392,11.320754716981131,50.314465408805034,15.9,203.125,,,0.02816718224709447,0.006818589200106082,0.0002538081018197119,4.130939908604004,0.7993052870540726,0.19349235397718167,-4.988102690680226,2021-12-23 15:27:43,0.08784029038112523,1.8663823891819425e-06,3.1957323505417343,0.15303625041906127,0.16887454302205418,0.7455121172616899,0.0038364387954410283,0.1270417422867514,-36.252234565040816,-0.15005665157232648,-1.07127175865665,0.28223683130484073,-0.3338691429619155,-0.5153776927981968,-0.11719443359619705,-0.2868396503073849,-0.12564726818686814,-0.2822336759412071,-0.1030088353924246,0.03216181090943362,-0.09301689594047256,0.005923084086146573,0.005484385078156556,0.009344186273390228,0.010110276518154477,0.01886316553885269,0.01139641541653928,0.0045943480032487475,0.005411897807305317,0.0062846788959099965,0.005279134358210157,0.006240592419469951,0.005912556929913014,0.007125034407794231,-0.0018829401088929227,-2.6237842408028337e-07,0.030253315010271564,0.0010202542586444387,0.0027932654970950683,-0.03278416591671145,-0.00015915901325557548,-0.003039927404718693,-0.14908934494836573,0.0315317533757652,-0.0736702497399274,0.07036582106152205,0.00147375647748908,-0.014865494127427213,0.03629759880776738,0.011567273460862549,0.03688503053119542,0.02012388299563717,0.019248864044083217,-0.011537302340990176,0.015598478027490176,0.0004720435803249923,0.0011533817601261556,-0.0009824095822116973,-0.001591228774173499,-0.00020270229897161366,0.0002700160492386023,-0.0011405892689992508,0.0003653210590017238,0.0001298721527280815,0.0004778973369675085,0.0003206010196595663,-0.00020021590475916107,-0.00039108207552340167,0.01359299997503555,1.3903709839422159e-06,0.1184990347195224,0.011556492983720551,0.023560119458638114,0.23323688133385026,0.003647994360693973,0.04081467539754813,1.0194852543266126,0.8324498911159158,0.4563223567648543,0.3282839947548805,0.2234123120903032,0.1972206510297192,0.1482447768315192,0.13807675213555487,0.2438947340447437,0.1738367279629524,0.2385097113276577,0.15601296307809168,0.15730704482395672,0.0032466227773791053,0.00580305667911806,0.009058013180883171,0.00610430445221377,0.03934614318746644,0.01899741099220213,0.0026434160151166037,0.0029502067205235817,0.0043194149342998455,0.0034189499615875146,0.006609261928394136,0.003319989039045472,0.011109137729736956,0.017115715393937424,1.0410643927763547e-06,0.12083998552181904,0.013781720178296566,0.019511105077973115,0.20767814236649715,0.003010752095919056,0.031441587224601365,0.685441763790767,0.4919831148745101,0.2682236199732512,0.3631079371526673,0.2511488961615755,0.1808628330220478,0.2143310345295255,0.18226120317865446,0.22287814102257614,0.2373184404330953,0.2287610374074505,0.2182749634397905,0.23409431328379085,0.0049233948588370685,0.0047154818055266425,0.013491879276875559,0.00979870430644181,0.054428938017504695,0.02227849785660458,0.006768375706176335,0.0032001220251420505,0.006890394351531997,0.005313457722542196,0.00930513083355472,0.005228552374513086,0.013720642058347072
749.1533623609096,70.18658564496631,,,,,,,32.486176430164214,32.58815383943176,0.09368787376696504,0.04336385320061312,753.8461538461537,79.83230769230782,0.10590000000000016,103.84615384615392,11.320754716981131,50.9433962264151,15.9,203.125,,,0.02736078539111503,0.0067684265687233255,0.00025096561146686864,4.042414453833083,0.7958302523123442,0.19687002938496945,-4.9954866313707145,2021-12-23 15:27:44,0.08003629764065337,2.0998727552548346e-05,3.0597014549591983,0.13811822796122564,0.15229420352146242,0.7201492102743684,0.006232876144090778,0.1250453720508167,-33.51697582732063,1.1651266498294237,-0.3853405549554065,0.1017387969188182,-0.3258243754764589,-0.4324968971330317,-0.11659991982338233,-0.5013025600860466,-0.18598531025180853,-0.237097350327692,-0.08985274086130872,-0.0820643912092945,-0.2863883215857426,0.03119817629265676,0.002734066849474477,0.022776802863796262,0.01177513874724106,0.027119122843561872,0.020023523444681824,0.010092030734354648,0.002161905528314851,0.004900406240407378,0.009961450624567988,0.0189892330026528,0.012211987210484974,0.019815204478708142,-0.001724137931034482,5.390337394149308e-08,-0.02183393583510136,-0.0009928032171886258,-0.00015590350201701296,-0.009694359419950942,3.874458100487921e-05,-0.002087114337568059,0.005790328593871052,0.014768447446790112,0.05783300090414052,0.021632970403180643,0.025934926148114712,0.03191086452274538,-0.018751829580554682,-0.04102215056887498,-0.031353249846852886,-0.019233891559252272,-0.02434664943012511,-0.002946557490151251,-0.017090893213631653,0.002530931083895822,-0.0011768859171353914,0.0058785272816014155,0.0012526634792454179,0.0009073239820199546,-0.00011693315136177041,-0.00017710762394180214,-0.0003866726096718382,-0.0004729052194878008,-0.00044657129103964425,-3.0724427641905766e-05,-0.00021604789773200467,0.0015220041796341177,0.055111896973399736,2.0107467357037265e-05,0.2758495423489015,0.04477948059994584,0.02318098513416543,0.6331574585017464,0.004540652196272007,0.09837832519044253,1.594510898908825,0.961117123865182,0.6317775561963406,0.4210074957348663,0.4114618374730109,0.3663791697125687,0.3064381832924316,0.277960845800276,0.25375469464857137,0.2862026397243145,0.2629388601957528,0.16475870271012102,0.2907287674389312,0.03360459098686693,0.002967401479012621,0.04243659189004456,0.014997110583741634,0.04190978053958855,0.0212100038802096,0.010934926080241313,0.002037229179551633,0.004575020336267969,0.016370645240189385,0.01548931549644905,0.01969431313742551,0.013288678069831595,0.05403344559049168,2.214478368523812e-05,0.3902602866863946,0.04915138202306752,0.03229096294609087,0.6176842227847306,0.00615147249694992,0.09093269875235034,1.3461192230995145,0.8106987098024717,0.6231409783563979,0.4470416564448795,0.3845877029747526,0.3271275141285142,0.2690503422101428,0.2812206200018089,0.2982450250424252,0.31458012150466624,0.2292473467354286,0.25473062052090595,0.3593484352124421,0.029898703198112293,0.005681029882852322,0.03955271153372562,0.01883433126567164,0.042389533287591055,0.02160815054746544,0.010517041075893263,0.0025374353004969106,0.006500803298765828,0.01572936161178452,0.022660904099970687,0.019080120682048,0.011146793355630609
749.1236611489778,70.36591657730858,,,,,,,32.42134880894359,32.5250602504083,0.09393097592109692,0.04327903454446619,753.8461538461537,79.83230769230782,0.10590000000000016,105.76923076923084,11.39240506329114,50.63291139240506,14.363636363636365,179.6875,,,0.0274006128533958,0.006856725932158653,0.00025110869658969895,3.9961656808950887,0.7940262414753321,0.19869702732081929,-4.982525220538244,2021-12-23 15:27:45,0.08833938294010887,1.0620909799320716e-05,2.764433240322711,0.14502771502927814,0.15358313885497615,0.8456108931723186,0.005645759033120205,0.14623411978221415,-33.76966967506085,0.7783993310431946,-0.3817174164290836,-0.00554245241079585,-0.3814906514994144,-0.4473042364835628,-0.09675392967777294,-0.3992174966301874,-0.2936440991204148,-0.27740768409986777,-0.2754600174896771,0.036072540756130464,-0.11398916160708095,0.014147449621790525,0.004579570653065362,0.007486235167875689,0.008587781893431552,0.014352871656345032,0.01917019355194152,0.014335811374898403,0.004114545279649912,0.006495090973646043,0.01013740895486245,0.02104752924165731,0.005097825255759627,0.010281354963617385,0.0016333938294010874,5.881822310050481e-09,-0.0003949064084501685,6.155178614052486e-05,-0.000727925903305976,0.014567460240858057,8.363014971428845e-05,0.002858439201451905,0.07730840710324928,-0.06056074984590354,-0.02608818823856516,-0.00981288160022168,-0.03422199277006651,-0.02294266717525901,0.017284535135662443,0.00797427060305399,-0.00808484158615741,0.009474831267009088,0.015601119765963069,0.02761289748146415,0.017796676158335373,-0.0030524730068337198,2.8269336242098146e-05,-0.005705346633592425,-0.0005673875367587692,2.1507938567704583e-05,0.0006161527814307955,0.0007331530942524733,0.00015955883509200414,0.0008846386485102196,0.00040038499691125466,-0.0004041616831546081,0.00016318983156596886,-0.001196548372725477,0.05008221556712787,8.131226674593831e-06,0.4853350921349008,0.04592691086465716,0.016756125739307348,0.5923423839869121,0.00367827384769995,0.09847941701580158,1.2625032692605445,1.0894921713486143,0.7154311499740637,0.3315489653496499,0.35515166131823944,0.3539847802929501,0.1669323187626773,0.2797055591210639,0.24014864653322024,0.19071568383951493,0.17965753673644316,0.1493544722802453,0.17365211147437254,0.010609353844790902,0.005772917287730106,0.004004379406029057,0.008604276853097908,0.013632026252727115,0.019440478038519282,0.019982060968243964,0.0038093644419888327,0.004658633136775543,0.007692840035344327,0.024978440475284462,0.0034625589467767643,0.0076490835170830935,0.07109851033560956,1.1878501945558452e-05,0.7510280603109764,0.06119206676542972,0.02334428966229361,0.8360174561538892,0.005672653607288775,0.14579792287537907,1.5598170720171782,1.2891792493732948,0.6593492576453983,0.4617852534463152,0.2995233367294459,0.42334983461818826,0.27679407251079824,0.3311578558628854,0.3165050109116008,0.2249606691710765,0.2572466326194292,0.1826012788498458,0.2402117673249844,0.017353505016103436,0.0063628881205232786,0.0262504206166392,0.012766127019094643,0.02313587705371051,0.02302247634936535,0.02177251750585878,0.005603787727584856,0.005635009651447936,0.010829961565685744,0.02594797205738404,0.004048806595677126,0.011711595473239607
749.3468795355587,70.18866625275864,,,,,,,32.32438016640206,32.42701352654056,0.09366645564236044,0.04313673820385632,753.8461538461537,79.83230769230782,0.10590000000000016,103.84615384615392,11.320754716981131,50.314465408805034,13.25,179.6875,,,0.027831361884873868,0.006939739944735917,0.00025021646718387697,4.010432971048883,0.7946977223704893,0.1981575874992483,-4.970490977105584,2021-12-23 15:27:46,0.061864791288566236,7.617862848252951e-06,2.78826358925502,0.1224071893229786,0.15363524547893812,0.4285055373429844,0.0064273978298226295,0.09337568058076223,-34.36046056167366,1.1478552127393888,-0.763765615873775,0.12990603422059074,-0.3369076546137265,-0.3360566892934434,-0.3935442441754843,-0.3305040225431031,-0.4830269483374456,-0.3996896224414608,-0.3193780314675975,-0.017705546751267127,-0.19047461984527247,0.03312544702676292,0.002531306978455685,0.024603220257180168,0.0253103534626478,0.02033483101841593,0.015746298872473467,0.015034800143749213,0.004967590727703531,0.007536013571739814,0.008920456153349545,0.009355299827562778,0.005153478606209171,0.015773832350177715,0.0008166969147005446,1.9978117145823696e-07,-0.020405943600184502,-0.0010907825246374953,-0.0015007828246272573,0.004045688682885712,9.584280704466164e-05,0.0008166969147005433,0.10430910577244036,0.0064728022742516645,-0.014158176004759437,-0.023196298498629114,0.030892827527543056,0.008029345002705671,-0.035045244382015645,0.0041147669754567,0.01689841944991241,-0.004644208054475485,-0.00830635626457564,-0.01036930448449718,-0.013929064861163763,0.000558297600962308,9.384949860417785e-05,0.0008309577421897053,0.0008260518529879053,-0.001677383567767391,-2.337030524741414e-05,0.0005520814664112401,8.461963744373375e-05,-0.0007591153501701545,-6.162149384180667e-05,0.0001232069976062952,3.250034414474775e-05,2.9903626016786546e-06,0.03910962217576056,5.3516753853279575e-06,0.4273604027394124,0.03788396145559698,0.020573687538608332,0.4604041937714268,0.0026610237850184858,0.08071783480640328,1.359036655962936,0.9226580820106958,0.8668463842994499,0.4172696163445511,0.4240059902103296,0.2665386438209634,0.2497851002601313,0.3716218105812469,0.24751337102783624,0.2153299726755852,0.23631387836750176,0.17332431760517256,0.2469556681372957,0.0330997027286274,0.0019665091484589877,0.01742872016728522,0.02392023534706656,0.02768788362774039,0.013841164302388787,0.01152145384250168,0.005108110238959442,0.005991369223407836,0.00968711982297346,0.009499240267946737,0.004780588277027166,0.009206346971291005,0.044090709139703366,6.3642382852804745e-06,0.5790642964605803,0.04632948771594985,0.028625607178328225,0.5548423648591182,0.004497995902229577,0.09292696681441223,1.7497468038793271,1.18003667366694,0.8840432158302949,0.3713028978010817,0.38169706434811457,0.34937273594648965,0.2576713758225411,0.3883145062194548,0.3012851502432288,0.27130280595024764,0.3099360171283772,0.24236920860085384,0.2487104917311147,0.04585091186175825,0.0027059853432404627,0.025623155377706743,0.03361986852791332,0.03638893571038345,0.017905899844969837,0.01744776830590376,0.004365624640584031,0.007008566374618818,0.011778791893957185,0.011000669161086484,0.006380862044343311,0.014563992331430837
749.3952588292212,70.19977297031181,,,,,,,32.32438016640206,32.427160648877155,0.09367522965115203,0.043133953391835414,753.8461538461537,79.83230769230782,0.10590000000000016,103.84615384615392,11.320754716981131,50.314465408805034,12.230769230769232,179.6875,,,0.02800234894616961,0.006849030737751161,0.00024059305367344887,4.08851266965755,0.7979702126056464,0.19517371647829174,-4.983648134858326,2021-12-23 15:27:47,0.09727767695099818,4.694334154256105e-06,2.7403786354344994,0.15603211509125248,0.15589218089837242,0.8166343050900041,0.0040051441504610815,0.14677858439201455,-35.38182651462545,0.2991490859118133,-0.2688396419085442,-0.01907187389349762,-0.3205017510867835,-0.3668831114767462,-0.4027037449274745,-0.4661886122259295,-0.2627344476032873,-0.3287777406335323,-0.34241463840612474,0.13932064178817244,-0.1627120051726969,0.007552919261629458,0.0026260210230314327,0.008818126817151538,0.02032148204721112,0.0282055000628109,0.016110786287224874,0.012609588400026931,0.002422115319061004,0.007925280523817257,0.005735878998986095,0.007504557917340246,0.004567967486603166,0.011209264338379751,0.002495462794918329,-2.4122658316850703e-07,0.025395181041685973,0.003362613231005013,0.0003843889735201375,0.02317946374171637,-9.75112994404928e-05,0.002767695099818509,-0.20720514961918365,-0.08644544336812301,0.0721984023348067,-0.010109340844343515,0.027315540007311644,0.020942344495484783,0.03097406782260002,0.044454839165960214,0.01916694303422033,0.031404337269663574,0.015864561547055046,-0.006152356314641186,0.013423872562094546,-0.0005254801923684798,-6.752621588638176e-05,-0.0013926608557782074,-0.0019753462896218927,-0.00011778628536038083,-0.0011614434108372135,-0.0007659131296304254,-0.00020579030442468698,-0.0001649801821632608,-0.0004035642611092032,-0.0001499755454788485,-0.0001041342788320082,-0.0004558485856996873,0.05695997935011091,3.2964108136876917e-06,0.5949202612755901,0.04854063917639337,0.02117883006585125,0.4824850607102687,0.003303251076180943,0.08525642570302673,1.8494419951451384,1.0174362186003778,0.6167466327497388,0.5456645966102679,0.3484737141381809,0.2635571863124925,0.3847278774559447,0.3344431381302509,0.1421619780673827,0.2156523262129865,0.2358269136518873,0.16730818683385387,0.18255338009155875,0.0048978935936360105,0.0017504995452348444,0.007428265334211255,0.02253085556294021,0.03575076522437833,0.01795586697263354,0.013275422338797594,0.0019583075284805886,0.00657060445251287,0.005440805597186218,0.005447789111864134,0.0032297988662705287,0.009666642507304537,0.02933172370175601,3.96269020344359e-06,0.7819529500876391,0.024457557127679663,0.025608396930136758,0.3685197168067244,0.004580781636051809,0.062488021783591925,1.4093276561586492,0.8778254686830127,0.4127979306843431,0.4054624903676681,0.23621502784658946,0.34298913259505537,0.4870594842341938,0.2881423090099539,0.1714586700507341,0.2770271447126493,0.28242091926517426,0.17290660778862618,0.2437742220167229,0.006159665918312374,0.001995184688963729,0.009407238353246172,0.026319868678525062,0.048158130430136635,0.016418090594575788,0.0129247369822857,0.002865372596771447,0.010160722590656214,0.007406724677153634,0.006199415028951868,0.0028540071340719783,0.010556148135419215
749.3184031158713,70.41092081630313,,,,,,,32.26403340183797,32.365934989987736,0.0939666242327897,0.043057841990367884,753.8461538461537,79.83230769230782,0.10590000000000016,105.76923076923084,11.39240506329114,50.0,13.166666666666664,179.6875,,,0.028299152077509236,0.0067501642217333725,0.00023136518583425928,4.192364977787503,0.8021146669028856,0.1913274896514848,-4.998188445247963,2021-12-23 15:27:48,0.1265880217785844,1.1418687059165369e-07,3.2020980953265283,0.2141976945963572,0.22140885223171525,1.0149769909627404,0.0015389363398728186,0.1734119782214156,-38.91479993525547,0.9484280942357778,-0.5280203750627603,0.27352744730810075,-0.3740522012635935,-0.17275497786611624,-0.11095601719291906,-0.15244119012191992,-0.06039701607086372,-0.09698997130660912,-0.18097156218066385,0.018492388428746176,-0.08446435779108093,0.009566539619124329,0.0072297945651087344,0.014343845816431671,0.0097631710244337,0.019969072876507142,0.009121942623479524,0.010613540213115029,0.0029589672265078787,0.009382684225740479,0.01306472484865231,0.013367889041994723,0.0066423971588814214,0.006861145884830763,-0.0005444646098003638,-3.220892726036322e-08,0.02019610294907399,0.00111013554015415,0.0028475593749658786,-0.00033398961116370973,-0.00018563354022910683,-0.0004083484573502723,-0.04726407650062292,0.07460319719921829,-0.066249349617207,0.03678660954541045,-0.017933659739517792,-0.020126599677880285,-0.0014128576297909605,-0.024856495208517227,0.010276857861611305,-0.010402825834392036,0.013048515622186835,0.012698284484217346,-0.0007329683596592503,7.861795546653667e-05,0.00019321583494058003,9.12961653617348e-05,0.0002714289263739479,0.0005040769414371487,0.0005601717882018054,-0.00016849759893198982,9.93350871754546e-05,0.00027405466526801757,0.00037330699920223225,0.000306381559401018,0.00022322630486890527,3.4465735699769744e-05,0.01696392963068387,1.0949838579378717e-07,0.2018356346600523,0.01755504151734863,0.010583165979346677,0.12222443854893185,0.0005480018976219146,0.03318667003482625,0.7130213872209555,0.3508428939284744,0.20385851729926424,0.20352595540969304,0.14945902123908333,0.17064901535894375,0.13769371095382424,0.19388177801508927,0.16204415508288178,0.1591181434772313,0.10503699842710898,0.12973768355710852,0.14298952387151645,0.003978168164812742,0.004222231409367111,0.008987978392996048,0.004819507161615248,0.00746611496081045,0.005034475919060799,0.005179379691150681,0.0017349072359032153,0.004504766709738681,0.008159518351161106,0.01043645019932051,0.0030876166558497288,0.0024100521977544163,0.015909099999111942,1.8689878793534048e-07,0.27625314091658154,0.015737090188167727,0.01390791973422857,0.1140063049364709,0.0005815302747226237,0.032513087356789004,0.6800221961274661,0.4117852932585225,0.36633750686099176,0.23003704786033605,0.24617129850584946,0.2274092885027742,0.17879379848285595,0.2790705948906779,0.24136918797818865,0.23677672681792386,0.14696695530846662,0.19476158470613208,0.2100533658184552,0.006387519038764644,0.005684261128714474,0.012430788890518298,0.00686236726380525,0.009969541289555621,0.00770174173998287,0.006778916215374037,0.002522569423809485,0.006166889025809558,0.011587045250338912,0.011481351388303059,0.003767234124169936,0.0028264851746507176
749.3952588292212,70.15174307883258,,,,,,,32.20249949475714,32.304560159264085,0.0936111381174609,0.04297131469055068,753.8461538461537,79.83230769230782,0.10590000000000016,103.84615384615392,11.320754716981131,49.68553459119497,13.25,179.6875,,,0.02887721478202385,0.006676977718519344,0.00022248102998863418,4.324893087770784,0.8071520332201937,0.18662936096675412,-5.009089831161645,2021-12-23 15:27:49,0.1280172413793103,5.758418382404652e-07,3.2402456293299973,0.18877134296208364,0.18185436918553824,1.2828665240898105,0.0017974440591283821,0.18289473684210528,-37.394275930479736,-0.20004255266684573,-0.3431938194924446,-0.057248932127698014,-0.5181831981101188,-0.24778140218000164,-0.2576269745065627,-0.1683569696157137,-0.21689965322466065,-0.1615693445424718,-0.06868854050064961,0.0843745878096734,-0.08325853167898464,0.007786051116422461,0.003861026499247039,0.007057186632575789,0.009051920474855956,0.008186420714995785,0.008514206528941696,0.006396029735394057,0.004741128218729216,0.007025203695252874,0.005619315366240235,0.004460326875297906,0.0043793240236096225,0.004307580747834884,-0.0002722323049001815,4.1347949247380045e-09,-0.002748510275503557,-0.0008426490451715437,-0.0007317525369081258,-0.007301039875761191,8.494751340070694e-05,-0.0010889292196007254,0.014876494557792696,-0.02961593653728232,0.017574118992740615,-0.013559558441055431,-0.033483851551680044,0.017826412760939245,-0.019776098205283327,-0.0025463198032094096,0.004416918707375425,-0.003353420759512682,0.006937236295615659,-0.004631994485497432,-0.011229192327421679,0.0007335025956014369,-9.096554083496967e-05,0.00012859315023848605,-9.24911615141922e-05,-0.0005330433602670679,-1.7486426103324305e-05,-5.5509280752819274e-05,-9.67814975399013e-05,-0.00026149863604194327,-0.00016207489994540824,-0.00011197023312130756,-0.00012915415681343927,4.309285059759364e-05,0.0203529305096368,5.108711024872903e-07,0.07834348463284081,0.019160908025063657,0.013702576531383927,0.3264906317299771,0.0009303911648930775,0.04862349336045374,0.7297521483084684,0.30388418939163514,0.22493190575850305,0.2640542485791228,0.3716728748049021,0.21034968575511792,0.28527787931860177,0.1392088123346686,0.2332188620162828,0.16797718888389632,0.158299901670271,0.13271135620169786,0.18726417045601065,0.005664233981688473,0.002487734954822439,0.003423308071436619,0.0068908685196202345,0.004523140238353704,0.004840336349901285,0.004786163447264222,0.004367483064782059,0.003887881237976288,0.003763300890918213,0.0016960864437915255,0.0031012919372673717,0.0012900967327125034,0.015570217674137753,5.020209801729714e-07,0.10637655710370758,0.017065942622780418,0.012978160193102271,0.2302395558434751,0.0005433222764053693,0.03625065016410098,0.5494768839656037,0.40209475608223055,0.2810380786199229,0.1918834873642987,0.2743399190188625,0.2103305578929129,0.25694914023012555,0.166391364525818,0.19246616952710527,0.2108256402451335,0.2460401867176871,0.20754190062566336,0.23307954068973666,0.005707256734865785,0.004010201716229522,0.004174604314029213,0.008249523301593266,0.0048451405506319606,0.007270621278890533,0.005179510715321761,0.0050155407490656105,0.004949756880867418,0.0053729781246841645,0.002681131571206969,0.004148665300251942,0.0014956758334397145
749.3952588292212,70.15174307883258,,,,,,,32.10932751070977,32.21049851496491,0.0936111381174609,0.04284698512888127,753.8461538461537,79.83230769230782,0.10590000000000016,103.84615384615392,11.320754716981131,49.68553459119497,13.25,179.6875,,,0.02972188352549532,0.006574630472218939,0.00021117024605068517,4.52069263072426,0.814126782927116,0.18008894862570754,-5.024536904441585,2021-12-23 15:27:50,0.003788566243194193,5.497083552412794e-09,3.288079397423212,0.011829012812235914,0.01128757858919131,0.05567700901907402,0.050087089783814084,0.007894736842105262,-96.0381918963316,0.04362383079300418,-0.0023863553045336177,0.007590404401000298,-0.029341835347201962,-0.007057288532217787,-0.008097194080183199,-0.01133639871347524,0.0043903761960092744,0.007023815897100591,-0.005819321857538933,-0.003612248982364889,-0.012974184951835643,0.00048797955340278116,0.0005069758455945333,0.0009259601197384393,3.084481386682625e-05,0.15861602028310626,0.0003883625059664187,0.0013053214170168845,0.00017107484206459718,0.001340253997485766,0.0006636829685480796,0.0009476130881398664,0.0006145180077707367,0.044162410785820574,-0.005694192377495464,-9.491763408121344e-09,0.003991325963246073,-0.009411282597757012,-0.010127403432898923,-0.041362899729704035,-0.00015985078546983943,-0.00603448275862069,-3.031381332569808,-0.0010425847833680168,0.01874772439973343,-0.0010179977018052874,0.047602519321738326,0.0005816672189906057,0.03081070649547025,0.01502499599401434,0.00019915339228345416,0.006115302422322532,-0.0010113593992620137,-0.005757151944240231,0.006073125678751184,-0.0009496130393262377,-0.00017416644123359018,-0.00028469158668813774,-0.00028704091091615936,0.008040064264031404,-0.0007194936505649501,-0.00043846857723388153,-5.8218344868499816e-05,-0.00013193799032041285,-0.0002561931244431134,-0.00030264964128421735,-0.0002037956354172364,0.0020598811329528735,0.016513977394993024,1.0628541882729403e-08,0.1289522979280764,0.04760602776296058,0.04920139513170886,0.24269034176866666,0.2177498399741063,0.034412360080584264,12.91808882677074,0.1901517919956867,0.01040191589751715,0.033085808843951486,0.1278980815321724,0.0307620251836781,0.03529487434768338,0.049414243262606725,0.0191371861444476,0.030616099025893143,0.025365845526112436,0.015745423358909664,0.05655315932518872,0.002127053559796832,0.002209856477762651,0.004036166587688678,0.0001344494265778176,0.03509195401612094,0.0016928329169678313,0.005689764145615912,0.0007456979483417604,0.00584203173371687,0.0028929269904501625,0.0041305496887781784,0.002678621894858584,0.008289851709268565,0.01809057975920407,3.1997333977923614e-08,0.17489235789214372,0.04840105204400661,0.04972466426384138,0.25374297714707816,0.3155891007174206,0.03576776927710497,12.905913317262268,0.2726222181699495,0.07152831774624897,0.04489075029338202,0.14704392673656225,0.04283040639908725,0.10334438136914338,0.05115315333494583,0.02840321087513993,0.06634764963441198,0.04011773343839423,0.04453689419754428,0.06543851090574453,0.002850057099926593,0.0027065472845852123,0.00502906553914335,0.0011177496898573628,0.0350944119500242,0.002166055009936203,0.006993833159150637,0.00091469909547171,0.008068999899967911,0.0034734458681225607,0.005117359812101198,0.003299238142285116,0.008282216535928612
749.1533623609095,70.47944537644925,,,,,,,32.4053792771651,32.50783028678014,0.0940787947001102,0.0432560019153376,753.8461538461537,79.83230769230782,0.10590000000000016,103.84615384615392,11.949685534591195,50.314465408805034,13.25,179.6875,,,0.03041327904061131,0.006480012355089243,0.00020214843204145413,4.693398310687705,0.8198657080719283,0.17468487731052953,-5.039032861970197,2021-12-23 15:27:51,0.0,3.058728816412427e-09,3.3176630834866767,0.0009074410163339744,4.4175948332801504e-09,2.6158917912022807e-08,0.0,0.0,-99.00180472473032,1.788551133495186e-08,7.864755142546954e-09,-7.156359565299767e-10,-3.111861707300955e-09,4.050640424859476e-09,5.420159848622751e-09,6.168274144021263e-09,4.592463281631839e-09,1.0708215257778363e-09,2.209081455938041e-09,-1.1273779434860036e-09,-4.025486699498673e-10,1.432249716832942e-35,6.6639994273473075e-37,1.1607184628758415e-36,2.1723394655450995e-37,0.16666666666666666,8.943131309475005e-37,5.942052222546405e-34,1.5630497836034415e-37,1.5184660522425288e-36,4.7572670022359353e-36,7.620665232391419e-36,9.525539383015872e-37,0.046064233199380564,0.0,0.0,0.0,0.0,0.0,0.0,0.0,0.0,0.0,0.0,0.0,0.0,0.0,0.0,0.0,0.0,0.0,0.0,0.0,0.0,0.0,0.0,0.0,0.0,0.0,0.0,0.0,0.0,0.0,0.0,0.0,0.0,0.0,0.0,0.0,4.1359030627651375e-25,4.440892098500626e-16,1.0842021724855042e-19,8.271806125530277e-25,3.3087224502121114e-24,0.0,0.0,1.4210854715202004e-14,3.3087224502121114e-24,1.6543612251060548e-24,1.0339757656912846e-25,4.1359030627651375e-25,0.0,8.271806125530277e-25,0.0,8.271806125530277e-25,2.0679515313825687e-25,4.1359030627651375e-25,0.0,5.169878828456423e-26,2.6727647100921956e-51,8.352389719038109e-53,1.6704779438076217e-52,4.1761948595190543e-53,2.7755575615628914e-17,1.6704779438076217e-52,0.0,2.0880974297595276e-53,3.3409558876152434e-52,0.0,1.3363823550460972e-51,0.0,6.938893903907227e-18,0.0,0.0,0.0,0.0,0.0,0.0,0.0,0.0,0.0,0.0,0.0,0.0,0.0,0.0,0.0,0.0,0.0,0.0,0.0,0.0,0.0,0.0,0.0,0.0,0.0,0.0,0.0,0.0,0.0,0.0,0.0,0.0,0.0,0.0
749.2501209482342,70.3795178389112,,,,,,,32.4053792771651,32.50783028678014,0.09393327524570894,0.043250415810615526,753.8461538461537,79.83230769230782,0.10590000000000016,103.84615384615392,11.949685534591195,50.314465408805034,13.25,179.6875,,,0.031101192891793424,0.006381551030906306,0.00019391600348990032,4.873610309024897,0.8254763812058221,0.16937677181066654,-5.054344102878948,2021-12-23 15:27:52,0.0,3.058728816412427e-09,3.3176630834866767,0.0009074410163339744,4.4175948332801504e-09,2.6158917912022807e-08,0.0,0.0,-99.00180472473032,1.788551133495186e-08,7.864755142546954e-09,-7.156359565299767e-10,-3.111861707300955e-09,4.050640424859476e-09,5.420159848622751e-09,6.168274144021263e-09,4.592463281631839e-09,1.0708215257778363e-09,2.209081455938041e-09,-1.1273779434860036e-09,-4.025486699498673e-10,1.432249716832942e-35,6.6639994273473075e-37,1.1607184628758415e-36,2.1723394655450995e-37,0.16666666666666666,8.943131309475005e-37,5.942052222546405e-34,1.5630497836034415e-37,1.5184660522425288e-36,4.7572670022359353e-36,7.620665232391419e-36,9.525539383015872e-37,0.046064233199380564,0.0,0.0,0.0,0.0,0.0,0.0,0.0,0.0,0.0,0.0,0.0,0.0,0.0,0.0,0.0,0.0,0.0,0.0,0.0,0.0,0.0,0.0,0.0,0.0,0.0,0.0,0.0,0.0,0.0,0.0,0.0,0.0,0.0,0.0,0.0,4.1359030627651375e-25,4.440892098500626e-16,1.0842021724855042e-19,8.271806125530277e-25,3.3087224502121114e-24,0.0,0.0,1.4210854715202004e-14,3.3087224502121114e-24,1.6543612251060548e-24,1.0339757656912846e-25,4.1359030627651375e-25,0.0,8.271806125530277e-25,0.0,8.271806125530277e-25,2.0679515313825687e-25,4.1359030627651375e-25,0.0,5.169878828456423e-26,2.6727647100921956e-51,8.352389719038109e-53,1.6704779438076217e-52,4.1761948595190543e-53,2.7755575615628914e-17,1.6704779438076217e-52,0.0,2.0880974297595276e-53,3.3409558876152434e-52,0.0,1.3363823550460972e-51,0.0,6.938893903907227e-18,0.0,0.0,0.0,0.0,0.0,0.0,0.0,0.0,0.0,0.0,0.0,0.0,0.0,0.0,0.0,0.0,0.0,0.0,0.0,0.0,0.0,0.0,0.0,0.0,0.0,0.0,0.0,0.0,0.0,0.0,0.0,0.0,0.0,0.0
749.3184031158714,70.54995397842903,,,,,,,32.374816529765795,32.47540341393328,0.09415217040588217,0.043205687188707,753.8461538461537,79.83230769230782,0.10590000000000016,105.76923076923084,12.658227848101266,50.0,13.166666666666664,179.6875,,,0.03165948624391801,0.006264576446105371,0.0001860772375486627,5.053731328252914,0.8307365521115001,0.16438083035147966,-5.072844299287377,2021-12-23 15:27:53,0.0,3.058728816412427e-09,3.3176630834866767,0.0009074410163339744,4.4175948332801504e-09,2.6158917912022807e-08,0.0,0.0,-99.00180472473032,1.788551133495186e-08,7.864755142546954e-09,-7.156359565299767e-10,-3.111861707300955e-09,4.050640424859476e-09,5.420159848622751e-09,6.168274144021263e-09,4.592463281631839e-09,1.0708215257778363e-09,2.209081455938041e-09,-1.1273779434860036e-09,-4.025486699498673e-10,1.432249716832942e-35,6.6639994273473075e-37,1.1607184628758415e-36,2.1723394655450995e-37,0.16666666666666666,8.943131309475005e-37,5.942052222546405e-34,1.5630497836034415e-37,1.5184660522425288e-36,4.7572670022359353e-36,7.620665232391419e-36,9.525539383015872e-37,0.046064233199380564,0.0,0.0,0.0,0.0,0.0,0.0,0.0,0.0,0.0,0.0,0.0,0.0,0.0,0.0,0.0,0.0,0.0,0.0,0.0,0.0,0.0,0.0,0.0,0.0,0.0,0.0,0.0,0.0,0.0,0.0,0.0,0.0,0.0,0.0,0.0,4.1359030627651375e-25,4.440892098500626e-16,1.0842021724855042e-19,8.271806125530277e-25,3.3087224502121114e-24,0.0,0.0,1.4210854715202004e-14,3.3087224502121114e-24,1.6543612251060548e-24,1.0339757656912846e-25,4.1359030627651375e-25,0.0,8.271806125530277e-25,0.0,8.271806125530277e-25,2.0679515313825687e-25,4.1359030627651375e-25,0.0,5.169878828456423e-26,2.6727647100921956e-51,8.352389719038109e-53,1.6704779438076217e-52,4.1761948595190543e-53,2.7755575615628914e-17,1.6704779438076217e-52,0.0,2.0880974297595276e-53,3.3409558876152434e-52,0.0,1.3363823550460972e-51,0.0,6.938893903907227e-18,0.0,0.0,0.0,0.0,0.0,0.0,0.0,0.0,0.0,0.0,0.0,0.0,0.0,0.0,0.0,0.0,0.0,0.0,0.0,0.0,0.0,0.0,0.0,0.0,0.0,0.0,0.0,0.0,0.0,0.0,0.0,0.0,0.0,0.0
749.5618305744887,70.8184950426482,,,,,,,33.219443875539866,33.325601376957394,0.0944798576367884,0.04431848384019154,753.8461538461537,79.83230769230782,0.10590000000000016,105.76923076923084,12.658227848101266,50.0,13.166666666666664,179.6875,,,0.032166378579034496,0.0061076776994806676,0.00017766143288200424,5.266548131996157,0.83653944462149,0.15884017835880293,-5.098208659966131,2021-12-23 15:27:54,0.0,3.058728816412427e-09,3.3176630834866767,0.0009074410163339744,4.4175948332801504e-09,2.6158917912022807e-08,0.0,0.0,-99.00180472473032,1.788551133495186e-08,7.864755142546954e-09,-7.156359565299767e-10,-3.111861707300955e-09,4.050640424859476e-09,5.420159848622751e-09,6.168274144021263e-09,4.592463281631839e-09,1.0708215257778363e-09,2.209081455938041e-09,-1.1273779434860036e-09,-4.025486699498673e-10,1.432249716832942e-35,6.6639994273473075e-37,1.1607184628758415e-36,2.1723394655450995e-37,0.16666666666666666,8.943131309475005e-37,5.942052222546405e-34,1.5630497836034415e-37,1.5184660522425288e-36,4.7572670022359353e-36,7.620665232391419e-36,9.525539383015872e-37,0.046064233199380564,0.0,0.0,0.0,0.0,0.0,0.0,0.0,0.0,0.0,0.0,0.0,0.0,0.0,0.0,0.0,0.0,0.0,0.0,0.0,0.0,0.0,0.0,0.0,0.0,0.0,0.0,0.0,0.0,0.0,0.0,0.0,0.0,0.0,0.0,0.0,4.1359030627651375e-25,4.440892098500626e-16,1.0842021724855042e-19,8.271806125530277e-25,3.3087224502121114e-24,0.0,0.0,1.4210854715202004e-14,3.3087224502121114e-24,1.6543612251060548e-24,1.0339757656912846e-25,4.1359030627651375e-25,0.0,8.271806125530277e-25,0.0,8.271806125530277e-25,2.0679515313825687e-25,4.1359030627651375e-25,0.0,5.169878828456423e-26,2.6727647100921956e-51,8.352389719038109e-53,1.6704779438076217e-52,4.1761948595190543e-53,2.7755575615628914e-17,1.6704779438076217e-52,0.0,2.0880974297595276e-53,3.3409558876152434e-52,0.0,1.3363823550460972e-51,0.0,6.938893903907227e-18,0.0,0.0,0.0,0.0,0.0,0.0,0.0,0.0,0.0,0.0,0.0,0.0,0.0,0.0,0.0,0.0,0.0,0.0,0.0,0.0,0.0,0.0,0.0,0.0,0.0,0.0,0.0,0.0,0.0,0.0,0.0,0.0,0.0,0.0
749.8790517658441,70.7072637655514,,,,,,,33.49087679581065,33.594490762401826,0.09429155755057728,0.04466170473351008,753.8461538461537,79.83230769230782,0.10590000000000016,107.69230769230774,13.20754716981132,50.314465408805034,13.25,179.6875,,,0.032133450007195294,0.005930573919960052,0.0001710642749087937,5.418269874193177,0.8404178339376905,0.15510815323919894,-5.1276342882003005,2021-12-23 15:27:55,0.08688747731397459,2.424385408508651e-07,3.167012948716855,0.18486206762811755,0.2143657079975745,0.5856931512052526,0.051995162980091436,0.09233212341197823,-38.06030310284663,1.4252322940951851,-0.7237239288554326,-0.1846484776714247,-0.6428819949186096,-0.13937018958534536,-0.19991748224550002,-0.036332406266135764,-0.12441256501408653,-0.1819751284988677,-0.3088567702194565,-0.14514364287200854,-0.08267409175314835,0.01590383594322762,0.009782504668945344,0.016872621856455574,0.018241830630901533,0.015777159117086766,0.017290287630868463,0.013964352932524005,0.0026638939886588896,0.011361168499924069,0.010746635995565737,0.013795405393779459,0.012229295416854587,0.009803999012078532,0.005921052631578947,4.882972082860556e-09,-0.0014987818899441676,0.010699268259599852,0.011258580641238749,0.0458295179963852,6.34358052295809e-05,0.006987295825771326,3.0098672689584416,0.05170009675996097,-0.025226887048790576,0.0037290910627926226,-0.035665685391790006,-0.008565737135967888,-0.008452341263602052,-0.006179611993591613,-0.008033427909708553,-0.01714527129085873,-0.022751563917973512,-0.0015781852771013267,0.00048603937268713323,0.00028696929768005897,0.0007224800304238918,0.0007417475715680753,0.0003196752131804825,-0.00667176284509993,0.000360612210211539,0.00038765242388997845,0.00012145219999501968,0.0010215555763871628,0.000536537612112077,0.0002321742429078519,0.00045081016292761037,-0.001895097586224961,0.021301924179328302,1.2153338934510313e-07,0.1918867942680668,0.0203451730280154,0.00908389815112278,0.20477327113611546,0.2171493404562321,0.02653372893662036,0.6105562763086312,0.28433319289176984,0.2726241693219257,0.2460080308384193,0.21571970480578131,0.2476788887011185,0.1977087616106536,0.1290140012549485,0.1454205414223258,0.17243979738507018,0.11994868681588927,0.1468647500737208,0.152382875411738,0.011860959445145149,0.0063737166772174,0.011182229126096387,0.014487170351466057,0.007625055649635181,0.01384199167708529,0.007849085572381738,0.0019003587106988953,0.0065119210034302035,0.007755440100287879,0.007139511978803328,0.009540811022611518,0.002753212214666205,0.01718485516775941,8.972434363767168e-08,0.2844623939439179,0.038845615718804516,0.044821779481572205,0.1633920480218592,0.3152669967301341,0.025826383505504008,13.1795362254977,0.3287863644450265,0.23711329353962585,0.25053480792574445,0.31553805639575155,0.2824284110741764,0.2588504902429774,0.1731415840482905,0.14681490629292962,0.19457977213964367,0.16141066029254938,0.1923323432824832,0.1424017953457598,0.017036834230525304,0.008781512047019225,0.011879985798523372,0.01770449597432466,0.03531735501235282,0.018474585735109943,0.011496367430223977,0.0025481621512209642,0.009119241618326359,0.008948683463938753,0.009186438888586676,0.012450926147163264,0.008325675061334829
749.6855345911949,70.42006778890013,,,,,,,33.62479619762602,33.730827596097896,0.0939328085439188,0.044851867411262895,753.8461538461537,79.83230769230782,0.10590000000000016,107.69230769230774,13.20754716981132,50.9433962264151,13.25,179.6875,,,0.0308611034716172,0.005561799554101596,0.00016045325442071566,5.5487622614623735,0.8435831648495076,0.15203087194930234,-5.191833562276867,2021-12-23 15:27:56,0.09065335753176043,3.27788662344902e-07,3.2133838377407096,0.17681218472416318,0.20434414985329066,0.6500710416481742,0.0023602385706388853,0.10322141560798548,-37.72829344788549,1.1486025994353928,-0.7684761319388349,0.17756845876558205,-0.367633207632991,0.10108884538755243,-0.26379611026555033,-0.2327182813890758,-0.09344364268091096,-0.06579318817329502,-0.2038807332976634,0.007182033254567806,-0.2322453438330308,0.014780799096032738,0.008373334145791302,0.011830022472523214,0.00848718445532807,0.01291459474538698,0.009888061532996626,0.012252594631578632,0.006885120879711715,0.01355681075271512,0.01813905197020791,0.013063835808003984,0.007441608577263016,0.007739062434022262,-0.0024727767695099817,1.5152399813225878e-08,-0.004779687202436022,-0.003130667017488012,-0.001534961078621304,-0.026728153725685082,8.223174612151214e-05,-0.003085299455535391,0.09303091428273652,0.019090526428833302,-0.011443286966474151,0.003178563509221392,0.0013479593603708596,0.01731730869892987,0.0052688931405803436,-0.0034617433057814928,0.009226984666524728,0.011648701451795262,0.014580017096048715,-0.003173162615800501,-0.019326987536329648,0.0008230852151776607,-0.00038254892117772917,0.0005544912842654062,0.0001056912385776123,-0.001398717904703639,-0.00020972574047288008,0.00124064273196723,0.00014161388318181817,-0.00035946761934180905,0.00018906626031307594,0.0005960080239973348,-0.00027347475477330777,5.2163930348871145e-05,0.02647784758608202,2.4657643620550853e-07,0.088536396839787,0.02656022702969492,0.012666399436983665,0.2966980814127631,0.0007794309889526943,0.03505574546585807,0.8453730449091142,0.4782517049599896,0.3123529375223019,0.2974073018242168,0.3326861099711275,0.22030351674519272,0.15885747709528344,0.15618070514057453,0.14688895937763866,0.1231375170280088,0.17875709253104416,0.17827441787104026,0.15191109221162413,0.009340196980952996,0.006119299821749557,0.006518707525123925,0.004604443227720273,0.006544584378584089,0.009315523154422564,0.007137495757626819,0.006030101900628823,0.010675761769619813,0.013043079339143535,0.007059730930017316,0.005310678144332239,0.0028780310767680113,0.01817459320197256,2.4753337208464675e-07,0.1149269445624172,0.018614422360558814,0.013185470612624735,0.17809766110350414,0.0006886519791457116,0.02730387329721998,0.6507217082516785,0.2994196577841098,0.22477348251091075,0.2947647787222392,0.3717673127000461,0.28394398593397635,0.2310505708597761,0.19790371878835333,0.2078178620187032,0.1760203079373331,0.21575627711970485,0.21244784236657585,0.13990480419061602,0.01335857452897638,0.006221687550568028,0.009395907846822931,0.004538197926586645,0.008068121498045564,0.013464961586238564,0.008992710012561871,0.008101940966032301,0.014463605211122818,0.015139327228387003,0.008903240938792734,0.00774740320340254,0.0027469082849953482
749.0082244799223,69.70278051487172,,,,,,,33.80253008831599,33.908287104372995,0.09306010032569426,0.04512971818405191,753.8461538461537,79.83230769230764,0.10589999999999994,103.84615384615392,13.20754716981132,50.9433962264151,12.230769230769232,179.6875,,,0.0298271987822305,0.005272721939520388,0.00015336137884769605,5.656888249438697,0.8460828894488678,0.14956683818755304,-5.245208552704871,2021-12-23 15:27:57,0.0455989110707804,8.647155667061769e-05,2.9648288333149067,0.10975155209240496,0.14645459126263502,0.3351208003309481,0.00859474761481215,0.07028130671506352,-32.136941292141515,1.0196645132852875,-0.9697408844657612,0.06527328136621377,-0.2767386875199597,-0.2826978224801976,-0.3697198448533567,-0.3499428625966292,-0.2298273895117549,-0.5698136095590728,-0.5164445717979027,-0.3581857002869617,-0.26858241668619176,0.008680181379239154,0.009640729773846616,0.03523477817059754,0.05988527553292493,0.01401405174166546,0.011861681333335485,0.006680473602375149,0.0031230923815243486,0.007256588421545478,0.006806884183104815,0.005009886838169957,0.004128793115587207,0.02175663177167636,-0.0022459165154264968,4.5752679028531246e-07,-0.008865180156916386,-0.0023243952460991232,-0.00138432001581367,-0.00990514110779131,0.0002175043972177055,-0.0016787658802177865,0.1720923013590415,0.028901418478550326,-0.003287321038102875,-0.016590276852315167,0.0007897837757065982,-0.03483382731311654,-0.009904149051451915,-0.015255479546183115,-0.037340596506637326,-0.015642251234349626,-0.02354150726587065,0.010226425794489504,0.019383384704435992,-0.0006126744627640244,-0.0002787890992912466,0.0006154507692533017,0.0003649451546908425,0.0014842721452969535,0.004449419138326759,-0.0011702141896673267,-0.0001873657494748319,-4.4968281119032736e-05,-0.0004873172252156842,-0.0006614161347507464,-3.5909029717166605e-05,0.0007912426963392222,0.02097126423474935,0.0001022590791351198,0.5247403403186708,0.01812780619816717,0.03291329574671725,0.2605990147945284,0.004264117380448126,0.033698302005464933,1.8433315397981203,1.1631062436790571,0.46867027171092496,0.3783142588004871,0.4467923946104495,0.3948697733120826,0.31284220439868865,0.18950185123443147,0.2690455715184105,0.3477021168193083,0.1515603193355995,0.26395377031569955,0.3289176640684901,0.00951934305658597,0.012902094132287014,0.027486429910341014,0.06349967227817832,0.012675887089206464,0.02117986975923533,0.009590847292295859,0.003692861402112263,0.006845025070274042,0.006911080964347636,0.005466395727878293,0.006024809482600349,0.015480612923708078,0.024001117994953712,0.00010088036145647084,0.5742407649093876,0.0215485166576385,0.04377139700360965,0.2232016118019048,0.005749638181806924,0.029977537503386564,1.3666958974044452,1.100543792920658,0.6326178152223214,0.4651415994738957,0.4468032111092276,0.3352159971879218,0.3553700602394657,0.292394526577424,0.3020979295168188,0.3528171667878463,0.19540358352572068,0.2737606909049939,0.3709687676208653,0.010011104104101644,0.0190134387435958,0.0392983797096212,0.062911530194266,0.016600040424821855,0.02462588342553319,0.013454727491244623,0.003221351687057801,0.007783955512254394,0.0073471966132194685,0.003789918038579707,0.008563833854824409,0.016735351022623787
747.9922593130141,69.200789351499,,,,,,,33.896572167017226,34.00084404724273,0.09251538166324848,0.04531674191140587,753.8461538461537,68.42769230769235,0.09077142857142864,100.0,13.20754716981132,51.572327044025144,12.230769230769232,179.6875,,,0.028853994406969126,0.005009533624589522,0.0001491146879058756,5.7598164957588045,0.8483314467786638,0.14728445730924344,-5.296412457122691,2021-12-23 15:27:58,0.0934437386569873,1.094558683212648e-05,3.084561979216839,0.14745261318074515,0.15348878809368566,0.9037187173921456,0.003779583971246153,0.15276769509981852,-33.634908849040315,0.33003542916984235,-0.16228820706989508,-0.1389603065121005,-0.4842640713945098,-0.07071775781092897,-0.6220674026809421,-0.2734297986644982,-0.4039331172272505,-0.31467215775658425,-0.3152806938544868,-0.016497258092717956,-0.2408539601136053,0.010573666132815662,0.005152749292197163,0.0337770332837835,0.01985922506868371,0.01163930580182264,0.020501581231548376,0.00811226801682904,0.003371211409629143,0.00813595020425659,0.006533299362766305,0.006032302665460872,0.0036698039667737,0.013786821901462649,0.003085299455535391,-1.658302315408903e-07,0.013091843649591685,0.0031796663254203264,0.001092317009285558,0.043710047799335086,-0.00014230694424289454,0.004310344827586207,-0.06520873795969209,-0.0957565419690946,0.08566257865783354,0.012969100112157938,0.03423372193649589,0.029286136834831007,-0.03635707070685077,0.016972290583713027,-0.0015469016447451412,0.0017702674972701613,0.012236663504877588,-0.016092223151868253,-0.02626461355920371,-8.194166017010126e-05,7.917932269036485e-06,0.0036646660861481798,0.0002779833208272953,-0.0015663644375289204,-0.0039499164321040075,-0.0003178699864814833,-3.354632007818969e-05,-0.0005502321056408868,-0.00015976315539508137,-6.359074627508934e-05,-0.0001135084127368295,0.00024866458542746156,0.05624422984126275,6.452629245267033e-06,0.2399436697344869,0.043775364689881836,0.018931700997124608,0.5344079443178698,0.001822080750158564,0.0938792685712178,0.6691274270058821,1.0997144218143209,0.5280569597174259,0.5085756380019855,0.5567849655197201,0.2514198518244084,0.25955169312391785,0.2648543180983172,0.2584770399604475,0.13691482161094118,0.2080506681430803,0.13902146155413295,0.1619975708893233,0.0076400381358807294,0.005042582559962202,0.0334598387336059,0.02482702502023733,0.014136659393600244,0.0262425358538692,0.008528721549305467,0.003545653498947792,0.007497088423416043,0.005274592327641754,0.005400681213044794,0.002494497256816761,0.009890252571809244,0.03759413247715867,6.199165922371579e-06,0.288822703976452,0.030307870469683286,0.018874156141398483,0.4333540342514574,0.002337443251866027,0.07374088982121385,0.7345483047017554,0.9352971189904672,0.4141068798646989,0.31208839318514425,0.4146036839530946,0.2613421931823983,0.2217854128923736,0.2891132847720562,0.22735045641372434,0.2090903337599471,0.2144060793474624,0.16567440922414853,0.14178417748175953,0.008516400504030883,0.006336610097537021,0.023680670520800928,0.030506675805152924,0.018877880037581656,0.034369233627327626,0.010831067809231505,0.0044960039599771465,0.00961054147381872,0.00603703380649826,0.006006498239720279,0.003858559563627985,0.010306356455033812
747.9922593130141,69.200789351499,,,,,,,34.439127154156196,34.54859728736585,0.09251538166324846,0.046042090309579516,753.8461538461537,68.42769230769235,0.09077142857142864,100.0,13.836477987421384,52.20125786163522,12.230769230769232,179.6875,,,0.028206736791252424,0.004843720591115365,0.00014946501666139578,5.823361661899092,0.8496024916033307,0.1458955395406889,-5.330072136392715,2021-12-23 15:27:59,0.10703266787658801,5.508558415099004e-07,3.247001990263698,0.1836607173160903,0.19363145346676947,0.8363750456442155,0.002478666898534934,0.14160617059891106,-37.38872406905124,0.8346877516536141,-0.5874807798948479,-0.05719725087059189,-0.7124163139422349,0.0885800678160158,-0.21838934318758074,-0.3328097128726718,-0.16319887328781366,-0.2300046892074356,-0.09813201236297424,0.05297449841852277,-0.016194862352720024,0.011793959391972428,0.006363125796439613,0.010181742095701505,0.008158031399202471,0.021088945713892592,0.009856592382381357,0.012136022291963179,0.005975177461883436,0.015268834699892831,0.010063695366460727,0.009512656243759002,0.005669837206252914,0.008830227684510228,0.000612522686025408,-2.952005728924375e-07,-0.008332849663300035,3.831934635223494e-05,0.0003864822488977085,-0.02720629383750836,-0.00013664761660441628,-0.002450090744101632,-0.13146797931288673,0.05344081401047951,-0.1046884977648234,0.011477552412581641,-0.026486434031246568,0.021161756889520992,0.04755419415335542,-0.007756739679416496,0.03273110164949613,0.00223031929458197,0.004919342333563543,0.007069298555422846,0.021373879800506257,0.0007846352586985716,-1.4602438474639447e-05,-0.004810303271424564,-0.0007171190353850266,0.0010060443159303444,2.8737385898854656e-05,0.00012273074447312089,0.00042652791941848,0.00023430533425329082,0.00028302151442762685,0.0005423036972117035,0.00014112767843741308,-0.0011448359466309235,0.02129776824374458,8.238893769910085e-07,0.046648277243410516,0.017180877936294376,0.01688673911970991,0.2628599701120364,0.0010958119103284627,0.06148103746677412,0.6881809545283849,0.3964839107633947,0.3796133050542128,0.2424426137302634,0.2812905248138001,0.181667594983626,0.3429785491565882,0.13517273890968484,0.1901986165624172,0.1554991300807602,0.18292118566504004,0.2022428513063617,0.1572511509150386,0.008199832628904636,0.00811367107925191,0.006796979844107725,0.004772442244004996,0.017213948704301627,0.007010678916790716,0.0075817863316125795,0.005428739023861922,0.013294026636568894,0.006727161306377682,0.007012285490697604,0.0033819145423939698,0.003277490538329639,0.025425468613211485,7.763054403257252e-07,0.059151756047787024,0.01651165681921811,0.013379176366166694,0.24544952527776145,0.0009108614454368713,0.05942048221121308,0.30457921163619817,0.3070964667795635,0.2258552595904797,0.2607473783334145,0.2606912329812996,0.22007074358054748,0.2987802030589634,0.16463008015856254,0.22169840363459584,0.2206452083650825,0.2099624337828052,0.2359574569077549,0.27094035524730803,0.008294828215909468,0.011465470552668987,0.0207465915476076,0.005819837841097778,0.02496256163973981,0.010024013592683395,0.01104969349903739,0.005159919834742652,0.016787549575150055,0.010007792836676984,0.010700575419315954,0.004117347658924107,0.006458901263217525
747.9438800193518,69.15605060510488,,,,,,,34.460869029525234,34.570408316249015,0.09246155019453546,0.04607413731179087,753.8461538461537,68.42769230769235,0.09077142857142864,100.0,13.836477987421384,52.20125786163522,12.230769230769232,179.6875,,,0.027880894556824538,0.004769270470114386,0.00015266206145930718,5.8459453561156165,0.8499540140759851,0.14539205591219273,-5.345561927054407,2021-12-23 15:28:00,0.10657894736842106,3.0794521027227894e-07,3.2275511801558383,0.20128301128617426,0.20512530857884906,0.930016983143086,0.007122423579187617,0.17477313974591654,-38.26893795501951,0.8151532173227493,-0.5037556578249363,0.3101968003716951,-0.5755903805183431,-0.08786514828467992,-0.2351661432774716,-0.3427234849378019,-0.098625425194871,-0.2329751629247493,-0.20179049296223173,-0.10811593906959586,-0.20159367905513734,0.018868626925097942,0.0051885400360892,0.014300439827577472,0.012747937589955785,0.02270879797326054,0.010022620705071272,0.006965240276703125,0.0048448051757897905,0.006073284519658731,0.008124241828652505,0.010967682783711338,0.008406893651591214,0.010606649220077013,-0.004900181488203267,-1.6528922685699995e-08,0.010341588385969058,0.00477538286933929,0.004586192967792009,-0.022993412241559763,0.005259364606530457,-0.004083484573502725,-0.7054801774767331,-0.06405902499359446,0.06070495480499851,-0.014805830197087972,0.017556474898419362,-0.03607330572087579,-0.012477318577480587,0.0007418824711074608,0.00298767078936426,0.020522047204396137,0.02315304056143435,0.0043758772358295,0.01850589541776204,-0.001199678023876404,-5.374955994847711e-05,-0.0007653414414406718,-0.00035093987149995736,0.0071020935375777,-0.0006783863761602319,-0.0002619999936428293,-0.00046835944834249893,-0.0003001852107738726,-0.00036082256135061335,-0.0006450013561281169,-0.00016836286655368146,0.0019354065788472546,0.037383623877375656,1.4319276053596926e-07,0.10327325049719484,0.031847084008857524,0.022288081880246887,0.4310975565745672,0.0228915567457139,0.11672929865404374,3.081020293002227,0.35911464217519296,0.3493091471065438,0.1712973189080741,0.2439208468783575,0.19756504489546808,0.19944074176923,0.13282472448418628,0.17429885206269502,0.1431073258754807,0.14658256014011622,0.152062752419567,0.15613347983375545,0.014532718789680604,0.0035507524218826155,0.01275632244985855,0.01100486630514889,0.03423978954676443,0.008127604533252095,0.004122024209607661,0.004907915939742821,0.0033598083971081946,0.004765852722017789,0.011259339999420359,0.0064113632324383114,0.008759426098082094,0.03993864303148378,1.3722264208610144e-07,0.15480723785729095,0.037066294791529585,0.02520400679291309,0.4876947236539165,0.023041141070157804,0.15664795000838844,3.087205970833024,0.31414758489798056,0.192145996055382,0.14358917017825876,0.2783416597326182,0.1912973852291863,0.2506851836064264,0.14043748082967225,0.21155774845565808,0.17071084725855373,0.2077982801745009,0.16358835154526316,0.2414665121998737,0.018561939603996432,0.004859977279873471,0.014371553020028125,0.016728160354465598,0.03701147923042152,0.01116340226748651,0.00483377142813281,0.007083826019408861,0.0039494826327034155,0.006221254477150677,0.012524267883637426,0.008067215134867247,0.009726383952955154
747.9438800193518,69.15605060510488,,,,,,,34.46086902952525,34.570408316249015,0.09246155019453546,0.04607413731179088,753.8461538461537,68.42769230769235,0.09077142857142864,100.0,13.836477987421384,52.20125786163522,12.230769230769232,179.6875,,,0.02774368399809712,0.004745483635201697,0.00015844614030593085,5.846334353003818,0.8497920917126138,0.1453546855861904,-5.350561926887357,2021-12-23 15:28:01,0.04174228675136117,6.65482879863988e-07,3.2887072297330517,0.07396779646476077,0.06703600041400481,0.4352283096943672,0.06385145122777429,0.05916515426497278,-77.40947076019569,-0.26955112881088583,-0.026219791982658558,-0.11667778555263035,-0.16106839516356064,-0.12457402009658156,-0.11032574212582504,0.0015880719875260125,-0.12941203453223404,0.06717035439993724,-0.07873713564746873,0.02746220564174394,-0.04889472863401717,0.000695305271399357,0.0006680045663071204,0.0013193269300429144,0.0010574592846538426,0.1172411965150135,0.0011174850009385727,0.003951347734298686,0.0017707530294500786,0.0014899479208121454,0.0009948056071429044,0.0008590202221205822,0.0013092648417091307,0.03295271511396864,0.006465517241379311,8.50715624595128e-08,-0.0034852911424217764,-0.003506261755403714,-0.005304989907678362,0.0660369185476288,-0.0052566587715245534,0.009301270417422871,0.7798436665810691,-0.03118960728061548,-0.008926965217856409,-0.02833342187065012,-0.02485407420427132,-0.011581382725095271,-0.0028878806408524967,0.02087926517782681,-0.012406116172367384,0.015339064064795366,-0.022832140271217848,-0.0055826746993025925,-0.017784865888969166,0.00012935696329564024,0.00018476246669216066,0.00028317360123247966,0.0003032540766470873,-0.007979118690272822,0.0002640778710130614,0.0004949219195256513,0.0005515769947075078,0.00014801471612519356,0.00015922927724658375,7.698658352925015e-05,0.00012211643606928379,-0.002148695316057601,0.06229666843663492,1.070117258836984e-06,0.046128852858149376,0.10181075563271544,0.09322434139466312,0.6163642433425429,0.19621473047417126,0.08562781914762413,29.51300663365282,0.374496037796796,0.10201477515951228,0.2254215656820309,0.2989217880621355,0.20154127899185711,0.2025067039407996,0.09217397376114443,0.2213223393361293,0.13539261234060454,0.13141607172907302,0.07684616579079763,0.08472100887125761,0.0011281011050096165,0.0011589839892068813,0.0021809325473666594,0.0017959905828227511,0.07361923684646368,0.001744259751605612,0.006506708173766849,0.0032694704973729428,0.002384221563303277,0.0016050578059145072,0.0014716199202325286,0.0021105591877866306,0.01950800022003533,0.026869248429710484,4.414806065127071e-07,0.038614605772062924,0.09216293019803698,0.0901767217675715,0.2217032423577559,0.282664647392852,0.031965728786288415,15.948934210519099,0.19943718370964986,0.10389260727918158,0.14818709722113044,0.2303460194567208,0.21144482521563746,0.17933554877967162,0.1170861531121406,0.16414191153822452,0.12861150561204993,0.15832118764332548,0.08698333089439837,0.09406159096853738,0.0008481352347437224,0.0009211080488218957,0.001310668806757956,0.0015096735434780813,0.030320893917811287,0.0010010276931835783,0.00589078022491946,0.0032579505141606853,0.0016816470901991362,0.0012136600480821644,0.0009962400688013837,0.0016302076601766155,0.0080089755058193
748.2825350749879,69.8496193826758,,,,,,,35.93972100339417,36.053699307765946,0.0933465851580726,0.048029613573424564,753.8461538461537,68.42769230769218,0.0907714285714284,100.0,14.465408805031444,52.83018867924528,12.230769230769232,179.6875,,,0.027760107999520167,0.004770360843990773,0.00016847026538392338,5.819288919094999,0.8489605093019297,0.145887327662356,-5.345333328307719,2021-12-23 15:28:02,0.1252722323049002,3.113193528201932e-07,3.2667227769851523,0.2035327430821819,0.2062026779905673,1.1181463188625362,0.0016106477208739653,0.15812159709618873,-38.13264832446872,0.5893083499678178,-0.4152975795714596,-0.10623493210118616,-0.32857158486940835,0.0215361354464677,-0.2751242270500186,-0.12048349826488462,-0.21803114001130947,0.0245179290781866,-0.07238285087516548,0.041527951482775535,-0.056003805994885816,0.007995669145222426,0.005070789519398129,0.008818215683800795,0.007579391361061037,0.015099491233980019,0.010881762471767096,0.013596102582270684,0.007333679541733533,0.013260348902993302,0.009022846909485282,0.009428172971218141,0.006585645633605579,0.005924316126646498,-0.00047640653357531795,-8.052943381457647e-08,-0.0022924421713172768,0.000720713188716046,0.00206865985609906,-0.021701906696632342,-1.3068857212375365e-05,-0.002132486388384755,-0.1401192946595078,0.10037098010343627,-0.006759521249074682,0.04087331791197238,0.01883927264037968,0.02654174802415457,-0.0016292515024807744,-0.01004891416918176,0.009664205395535988,-0.021819677102753787,0.005455090283223639,0.0023048821198426326,-0.008612855131272055,0.0004012031549865271,0.00014764464180703533,0.0005197195253396563,0.00021791343077468784,0.0007491202906288357,0.00035050165674031683,8.557204616783942e-05,-0.0003179206530175358,8.330836623929827e-07,0.0004390650452587767,0.0009282304930197793,0.0009607376280386207,0.00015534895626010051,0.011340199288116729,3.525027701392435e-07,0.0324260271466038,0.00871525365344332,0.02027470916100161,0.3025036143607724,0.00024249958617496617,0.036730489693077926,0.9136857823837674,0.6834638074378155,0.445123701937972,0.2328749396771944,0.1228052421613165,0.17676344030096086,0.20098410848745907,0.1872830463288314,0.13511659911203885,0.1124093024604476,0.15238970728720022,0.1212448712312752,0.14853334315052585,0.005084051584779582,0.002733566658630705,0.004107957779602189,0.004774844879711072,0.005423606117300609,0.0077633766547331815,0.01030458551930436,0.004832255376046075,0.009906075542780257,0.005377619077139747,0.0049614668686996,0.0058229661796628356,0.0023365105489869128,0.007692503061066745,1.2916171001890258e-07,0.03999735792271037,0.0055830831113647394,0.005738355006354599,0.13528855109380836,0.00022698899969947597,0.02189787918774865,0.2281183063800761,0.2766121070032128,0.2699020205737095,0.20124285171099227,0.16968271917484382,0.20943330479235914,0.1892045981919544,0.2799095309577073,0.18674970380561706,0.12861612371937692,0.17496068703376394,0.17021503883560504,0.2259269901652637,0.006721462305979602,0.0038453984131652063,0.004826256927553426,0.007477096710700935,0.0047654874927863045,0.010482678737812187,0.013872701786446938,0.006979876599062343,0.014899292158497588,0.007093903339942611,0.004199682652214125,0.00646986499024123,0.002163891543571411
749.0262901655307,71.25879373121316,,,,,,,34.79321732693668,34.89569512549442,0.09513523712961444,0.04645126317161387,753.8461538461537,68.42769230769235,0.09077142857142864,100.0,13.924050632911394,51.898734177215175,12.153846153846152,179.6875,,,0.027907269238780508,0.004829125861531985,0.00017854015690367715,5.778948414056711,0.8478603716123734,0.14671533830446354,-5.3330898087459815,2021-12-23 15:28:03,0.10263157894736843,9.762395133854909e-05,3.0363314314803107,0.1601140665652658,0.16280943569472245,0.8234716703785055,0.004683908421647664,0.1426497277676951,-34.667686478694726,0.3715664202650119,-0.9179866000956458,-0.039204456778610536,-0.308686406902068,-0.36083770823572464,-0.40669289525489977,-0.5107438471613207,-0.19618552879549692,-0.3744740364552295,0.08915807217928172,0.055381928242273656,0.0821509015596488,0.007263416048190956,0.0092225749300294,0.009430305124301465,0.011231894310431988,0.017239166812733263,0.013773349839438741,0.01938402741035276,0.003468052106507513,0.00708020261437573,0.009773181683694624,0.007381441781918264,0.011609311429949766,0.011358048611232477,-0.0031987295825771324,7.517877980418091e-06,-0.01703068257973683,-0.004925724369154991,-0.004049961670497202,-0.024473040160160903,0.00034386595549615177,-0.0038566243194192353,0.4354996624214513,-0.0484725411684794,-0.06613881616656789,-0.02133650159592036,0.014585254151914084,-0.047202965659755916,0.005598199107444057,-0.03652140450549705,-0.028832005103778542,-0.01105410341891958,-0.0014963374580237408,-0.0019470347279933035,0.045727976495217385,-0.00037658843481508766,-0.00020330907454807362,-0.0007693955817329026,-0.0003659733801990625,0.00035650360154686835,0.0015340107803585314,-0.00028324635495136964,0.00012560331894845295,0.0001996343948450969,-0.0004151874137985293,-0.0006500343002873687,0.0003301948575745868,0.00035489915316062805,0.06159021513423452,0.0001808578931728772,0.3418626830391114,0.05574933031050007,0.04394254578044357,0.6065458288053613,0.003258124311945944,0.09718375548294246,3.7031464815764905,0.7918211108295224,0.6140849925671892,0.3871123726515179,0.33454011007946444,0.3087502148125527,0.2219421711267772,0.4091863718486137,0.22512953106869066,0.3216369894614774,0.3373450982684007,0.27544319734730816,0.3552123027239644,0.006553192298541088,0.011300434974802593,0.009320335383730316,0.02446093193429057,0.016268737854254752,0.01143300791629374,0.02347317542707095,0.002729307176236921,0.005975802745699289,0.014131120919146712,0.005901709755167328,0.015677255118457356,0.007921509514719923,0.05799596651329435,0.00017578607815827557,0.513068440550669,0.04152711674696249,0.02744734994320453,0.5224561412944303,0.003748060608444525,0.09010065658163456,1.996978925480957,0.6801858473119353,0.5665958363113077,0.4179813040359647,0.3668633729106739,0.2877615947047636,0.2730221723403716,0.3937572874351373,0.2378851290428345,0.28339302991833565,0.35466711690680897,0.35513058603440745,0.2978714489038153,0.008181724280586845,0.014691781012561116,0.013162639180561769,0.035641087767983484,0.021730261791353008,0.011635852294701637,0.030691131161311273,0.004081079230496415,0.0071948818215181514,0.013451631268952994,0.008581006138444121,0.021215596066724917,0.011532667222932605
750.7498790517658,73.14540683238499,,,,,,,34.6991305467381,34.801751826419945,0.0974297950267688,0.04621929555362009,753.8461538461537,79.83230769230764,0.10589999999999994,103.84615384615392,13.836477987421384,51.572327044025144,12.230769230769232,179.6875,,,0.028012497251041508,0.004893353775268488,0.0001888685400017205,5.72460086426196,0.846434041990083,0.1478590494010291,-5.319877366965419,2021-12-23 15:28:04,0.06628856624319418,0.00011246023561503621,2.7612908111820507,0.1330482263616896,0.1604513850155441,0.516657669495992,0.004604061359618243,0.09446460980036302,-33.51739236715004,1.2131348952968568,-0.7738648792120223,-0.2974319815725378,-0.3969214293607939,-0.28514203953177675,-0.24904355884657986,-0.2874384748617677,-0.2630677758662774,-0.2277483212195595,-0.22111558281509072,-0.17966880146341652,-0.17200269451312086,0.015404772131292991,0.01515808651699314,0.027328238618489882,0.012349766779281924,0.020457395200153168,0.016966247353726958,0.0084205013306894,0.006895852865111993,0.007361642660791372,0.007660770190793219,0.012835507417136766,0.010110763699219264,0.012976984866174514,0.0046279491833030855,-7.0512995571856075e-06,0.016750907602237318,0.0034845820408531273,1.6309458684388156e-05,0.05372525898313426,-0.00031078600800734085,0.008030852994555356,-0.1887609080922536,-0.0408702365928059,0.08320404040517711,-0.017476380217367228,-0.03972697252465622,0.029347265488002462,-0.004645834959740729,0.030211196074179894,0.0208168677046806,0.004801296440648989,0.014336232263052076,-0.017273315027537588,-0.054589439842557576,0.00010212015815764836,3.393407711405243e-05,0.0002124443354847096,0.00016739826601321498,-0.001223365954337756,-0.0020754495917541986,0.00013800585412395601,-0.0001857896636152113,-0.00017022983195324356,-8.71000973046894e-05,-0.00020823019850618483,-0.0007803154894445899,-0.0005014292569456182,0.02700910191020971,0.0002685807176477735,0.4242789304324096,0.031407097381929726,0.031960528273184824,0.3980367901704554,0.0016283515514292286,0.06057255449124085,3.5035283585921366,0.9750395774158356,0.5462225360485818,0.5057766497751295,0.4308569469937267,0.25770059327309924,0.23078646701328104,0.16683582087642188,0.1929799940140285,0.28134942158584364,0.26795940317483863,0.20485453218358152,0.3038185855154009,0.009834612899920294,0.014674155801078762,0.042376485401924166,0.00925398334443434,0.0147798640836137,0.016714273689488537,0.005208147085382465,0.005475854504761571,0.004344353109899623,0.005042337759304105,0.014716616898200047,0.008330835283013514,0.009963101572814492,0.02660969242542749,0.00033023138757467017,0.6205479894338708,0.027008628965836712,0.03104570847447622,0.3832115191383674,0.002446446320705189,0.07628080829123958,2.377900400174604,0.8782240152200654,0.5469934449571391,0.4779603074872678,0.5280237629383902,0.3465103060656169,0.2425067693457837,0.1974443403467262,0.1964181169469932,0.33819329644660084,0.27581765923938345,0.30263249361131034,0.42062640645305055,0.014362954323733015,0.01715460036920666,0.04231909218212915,0.014822282654351615,0.020392059378018204,0.016556295931568224,0.007144669821381192,0.006857853313491539,0.006750720119956047,0.008017447276269855,0.01994626913549293,0.013707598450358452,0.010588974209860331
750.8950169327527,73.2358684603055,,,,,,,35.383133621233476,35.49560629343861,0.09753143489945973,0.04712127903813517,753.8461538461537,79.83230769230782,0.10590000000000016,107.69230769230774,14.465408805031444,51.572327044025144,12.230769230769232,187.5,,,0.02727437530932815,0.0048160431371400796,0.0001931670376478968,5.663233183896384,0.8448372415990607,0.14917931403590914,-5.335802613968372,2021-12-23 15:28:05,0.04498638838475499,4.385917642079341e-05,3.094477305908209,0.10817564982371676,0.1435075752298814,0.32807065781376343,0.008462445787034442,0.07649727767695101,-32.114571166312075,1.5864695026873394,-0.5941168886089503,-0.1657212641451714,-0.7254936659598822,-0.43170543961196206,-0.2800490670322212,-0.2613497516736993,-0.14697502620051056,-0.4581861517432017,-0.24883313861640224,-0.18108668343566545,0.015303107158593452,0.014705913566564066,0.016252524823482353,0.011437315998786722,0.025447009701493245,0.03417188339222259,0.05315541740906903,0.010760499560456221,0.0019247972681524085,0.006258479145344786,0.006108499258264759,0.013197021607246907,0.00886460707462403,0.0259159974211964,-0.006805807622504535,1.7605675746331318e-06,0.0058593533126996,-0.0033897676734157035,0.002282800298353471,-0.07388896208329009,0.0010321310428036583,-0.010163339382940107,0.032174298146962245,0.1541723221804733,-0.0619758277265207,0.02154240559460798,0.02735107477768304,0.0036253213463799134,0.024573623721070845,0.015629457498447567,-0.0034323627345654558,-0.02632061934443313,-0.04735498542612837,-0.020658503279914642,-0.004498588675787911,-0.00011540121505021267,0.00015637638047854362,0.0021516068609730896,0.008182188445475174,0.0005239856410401422,1.7199947810338355e-05,-0.00039126407013677887,-0.0001512445013132545,-3.0890291019878054e-05,-6.841906704163129e-05,-8.146037814160086e-05,-0.0005929356193862021,0.00218889528248079,0.02759436780793469,2.4900639235752536e-05,0.2924853090097563,0.025851999637288386,0.02416404668349445,0.3735250288097351,0.007378389694694325,0.0538641730574805,0.9313879200754808,0.933166759039046,0.36971544262109296,0.3619914345498668,0.32893257421333066,0.2136934053179439,0.28857600635028835,0.2517629218452309,0.25702960732155944,0.4101249721704126,0.26797111494052583,0.2537520814818429,0.4463346459650547,0.021584300315925228,0.016356318568027016,0.01160636936209455,0.037925402337182335,0.05407083542570275,0.06450879873269427,0.010345877507050212,0.002379658946734615,0.007803732639353866,0.005518021602656695,0.00973469346366666,0.0077013944030831175,0.017600543359285115,0.016623764642547344,1.661734109184139e-05,0.3230548175301016,0.028538794956978118,0.03428002668926653,0.15574553082528947,0.0071642115478326935,0.03182725664529792,1.0816655513088154,0.7420111982376675,0.4767549098793802,0.3410304741555549,0.305633385711354,0.2853411775024779,0.29342041505325994,0.2940910857989412,0.22706825454985274,0.2634279157784683,0.27848737865686024,0.24677372510686896,0.37196943595136667,0.0235101655055592,0.017863953401562188,0.01345108184426826,0.035571538145373865,0.06487858523836666,0.06562758494861892,0.013285356093620531,0.0031989868536105824,0.010908645520842437,0.0060421781326237285,0.010010123121435205,0.009834613403684543,0.00847519732971444
750.4381694255113,73.24624480277346,,,,,,,35.23454104746025,35.34606156150396,0.09760463658031444,0.046951957513613175,753.8461538461537,79.83230769230772,0.10590000000000004,105.76923076923084,13.924050632911394,51.26582278481011,12.153846153846152,187.5,,,0.026988229219913888,0.004828459161430281,0.0002015627760378913,5.5894081978565335,0.8429014154226079,0.1508033383115318,-5.333227876410136,2021-12-23 15:28:06,0.07531760435571687,6.326808598926236e-05,3.0793155968238564,0.14219870129004247,0.16774425770156015,0.5059752491191677,0.009858328690487276,0.10049909255898366,-34.32777575715395,1.1137387642277308,-1.1077441854242385,0.008935722103422944,-0.2863226022404524,-0.5672415915506247,-0.1449712118524326,-0.32092548228017165,-0.3329133122085982,-0.4228815023992752,-0.3186052298389072,-0.23380468125919834,-0.019975238225750456,0.005679313491040075,0.010211781527679915,0.02646284030371685,0.030980050040206836,0.02460358281883681,0.012171480622469215,0.006295085939599962,0.002747141673504926,0.00924333266391731,0.004162823892190489,0.005452939159312569,0.008845339589019317,0.016659962946024325,0.009323956442831216,-2.056596541376985e-06,-0.003349348582950129,0.007155319962582126,0.00010413051356928312,0.09056605892223547,-0.0002491625891267729,0.01628856624319419,-0.11283585066998933,-0.06376030336453482,0.053927325341875935,-0.011748471141097463,-0.02022406717258388,-0.015458280823595247,-0.017293329096934585,-0.004809992145433947,0.00040217038498547577,-0.003895783788573981,0.02019710110068429,0.006130460872938814,0.029247833691209407,1.2422849686237513e-05,0.00027128250325543263,-0.00039836479879877263,-0.006090400537761952,0.0004578977297722736,7.906926415152105e-05,7.868571110957729e-05,4.292981384110671e-05,-7.570398137649457e-05,0.00015977451384074868,5.2219875964910073e-05,5.6774143259004176e-05,-0.001553891717392606,0.04458805413441482,9.582081433133248e-05,0.4077587248733289,0.052679483802333366,0.03636689209805353,0.5235399429878748,0.008254593058065774,0.08691128549392782,2.6471050276699604,1.0407126008300709,0.5642720353727313,0.3537544338417269,0.22487082600191907,0.4042060216498038,0.264968465553973,0.2992422594879754,0.20279060815892844,0.3287961137905558,0.28199574023086177,0.3859245083906556,0.4094906316171576,0.0056075742224436535,0.014319810609017668,0.028781247676496206,0.03626764589207776,0.029364156810143576,0.01326822495264169,0.007955005275513106,0.0024892585992435704,0.0077755762974741184,0.003281890037114845,0.005983656892750598,0.01250815262190318,0.010115419997708435,0.043725917776029695,5.506463944033734e-05,0.578016555950973,0.05305992439588572,0.03151068291649203,0.5290661491667374,0.00762746788011503,0.09654442126428303,1.788765414050259,0.9118512370825514,0.5340471551533319,0.3452714479213497,0.29249597930940485,0.39522536196702335,0.32672226306846663,0.3019590667072724,0.1932258980114375,0.24264992725299425,0.2363015771357329,0.3781344903841232,0.2966739160062597,0.006938894599118793,0.01808106796532626,0.027615186004071444,0.052963903026707684,0.034024427136774116,0.014335775774301913,0.010400207286041682,0.003814632161380296,0.011880580479960445,0.003923430043673091,0.008295981467052602,0.015247266559453847,0.011823864936872212
750.8763388510222,73.51963520496473,,,,,,,35.23454104746025,35.34237038806478,0.09791177508331557,0.046924558977814536,753.8461538461537,79.83230769230782,0.10590000000000016,107.69230769230774,13.924050632911394,51.26582278481011,12.153846153846152,187.5,,,0.026764492858708824,0.004830148002595689,0.0002065678237896007,5.541133075906943,0.8416187297702901,0.15188567360521985,-5.332878169427769,2021-12-23 15:28:07,0.06671960072595283,4.0410223224218076e-05,3.0344725603926586,0.13105728778213707,0.15400728720253626,0.5548842187028449,0.013051811878325038,0.0999092558983666,-33.4156712420057,1.2710501852565192,-0.5151588413489656,-0.19135631076565854,-0.2349308927988481,-0.4908528106673563,-0.3944894041196424,-0.2517470784432766,-0.5712110503246961,-0.4054214030733152,-0.4973812289406183,-0.18087682851411074,0.027203632497885058,0.00610940889417395,0.003707395993676231,0.021649526926662187,0.06164719244944512,0.032485895186368574,0.029738625332046593,0.007052929275291586,0.0023889859533031865,0.004205279252567548,0.006631128412003298,0.005962963924763486,0.0037286024050435023,0.02742604964630544,-0.0066016333938294005,3.4687436029858014e-07,-0.014077864669683525,-0.006734719375418396,-0.0010063339909214056,-0.08004433474433298,-0.0006794478388386559,-0.013929219600725951,0.13345297771203055,-0.01831791369283733,-0.06663840252282496,0.049465054047199634,0.011175282186935758,0.003525685060700967,0.0013456204950275858,-0.0047880278873791435,0.0165838908009795,0.0374464415621273,0.007278234334351608,0.016421185430619448,-0.004319022769659739,0.00020235545191647233,0.0001376917837041441,-0.0015760010171380922,-0.0019003910557930663,-0.0005191307407710602,0.00023201345887329493,0.00017195807550391038,0.0005185030888636663,0.0004035796452789279,2.144416623913884e-05,0.00037590965759088735,0.00015457679932156192,-0.0006338662564618956,0.05980966989120313,3.7813087558502304e-05,0.2511894491194477,0.051228311577081465,0.02236068873472708,0.6711979999139327,0.013732186433690523,0.10067889386475108,1.4395625643292418,0.7665862916316257,1.0379397737962837,0.9366986628971044,0.3395219400567883,0.2790657380025382,0.2251189879606373,0.27510182683301304,0.28802942126116604,0.271939190414273,0.29675129385054017,0.3084193308739434,0.2415063282501521,0.00863427797111503,0.004155511859291228,0.03235419133909586,0.08645359455120374,0.042153204106959836,0.04863838105599859,0.010571302476518126,0.002661847833404801,0.003692344116045561,0.0070788480788642905,0.00560349849272299,0.005233116044802364,0.023967026191880254,0.06097967760756792,3.845683231215397e-05,0.37529017305557627,0.048443831879618884,0.024066675693515442,0.5930671755993394,0.02018755313669812,0.10480542060639912,1.6977901462999263,0.9417914949309888,0.6458011118340258,0.6727683333971828,0.3879823710756195,0.2175110275887391,0.23998864057428,0.27862523211628776,0.3405022094644938,0.3586010913025428,0.3732453047025263,0.2820267626033558,0.2890467431353339,0.011928325226376458,0.004207164884560223,0.0405757137561774,0.08198300690348792,0.05526564235220919,0.06636042188482384,0.01476807059415563,0.002439107097723477,0.003459350201527882,0.008529066164966084,0.006382474475143244,0.006399597915360981,0.025583053590547588
751.6553067185979,74.03745723481008,,,,,,,35.31467428957324,35.420008877692304,0.0984992144311807,0.046982538370868215,753.8461538461537,79.83230769230782,0.10590000000000016,113.46153846153857,13.924050632911394,51.898734177215175,12.153846153846152,187.5,,,0.02673068182692901,0.004854577387123186,0.00021219402378472549,5.506284006890569,0.8406548042382597,0.15267189327435046,-5.327833227964175,2021-12-23 15:28:08,0.13815789473684212,8.882846662816576e-06,3.1586887222652567,0.19432691372212726,0.16556310671722224,1.2135749032320773,0.002413786581845005,0.19732304900181488,-36.29329187411129,0.14120590274358047,-0.27390227743134593,-0.4377540535854655,-0.4705646275289774,-0.3135658795042225,-0.2463425976814836,-0.1350843731365354,-0.2617851896551845,-0.3495257150617141,-0.1310027340695697,-0.0746730199428333,-0.036543997713240184,0.010407976457999556,0.0049804418762049605,0.007957789787472235,0.009341494502072464,0.009158393062271005,0.008939879346586929,0.009169793915129391,0.0030555847581707914,0.005846043483262127,0.005883794943833971,0.007393730640673088,0.008189028120907509,0.004811060369176325,0.002631578947368421,-4.831836451625269e-07,-0.002889786769478553,0.002528920412301909,-0.00023371920962764054,0.049125782745916,-0.00013461707970531393,0.005353901996370239,-0.17947087618550026,-0.053438058731259966,0.04608240373460025,-0.05826042716702268,-0.013285782489326535,0.022039772344282317,0.002813629170174573,-0.0002437972033706687,0.00010748003387833492,-0.02456871824481368,-0.0023730516833960075,0.03130917522704536,-0.014814505318073712,-0.0001689039801063396,-0.00052527327552552,5.188000741395576e-05,0.0002479075707785347,-0.00041745051257844815,-0.0003610259881593004,4.887082506478315e-05,-0.00045688924993974054,-0.00027272551656099453,0.00041042440984287817,-0.000133127981306239,0.00033839094760860735,6.078367072593536e-05,0.05442670164744978,1.3032917114491416e-05,0.14302665798502728,0.042255530654162585,0.02900450330129347,0.4307904523974616,0.0017494957368215296,0.06743787281759722,1.6072797708143431,0.860274186122626,0.5051923126712282,0.4139361918573768,0.3944997384733089,0.20239598333878966,0.17786927197711308,0.16328881210256913,0.2208118576627497,0.23068666045597605,0.19188428112789616,0.16775111730924935,0.19563808316050185,0.01158745755371718,0.005291667171246328,0.006004813833163891,0.007672426870516436,0.007438458081283902,0.008049329389793296,0.008702800929712982,0.0021049140751943788,0.005118257256447192,0.004926077519675417,0.0053226097176746106,0.0072903744563032015,0.00319057195708101,0.03650254099681706,9.163310498834884e-06,0.2006407705773335,0.030953240104459923,0.024668351977207625,0.4668326411736427,0.0016894560306824533,0.05399990801759642,1.1103787444808662,0.7159662026062904,0.4739685204088057,0.31613841579183705,0.3715380104392251,0.1921378972959384,0.2502709272437996,0.25825387794509896,0.27992117936063304,0.2340038923478063,0.2346074264821841,0.1643811715268359,0.17369852302157254,0.015338812303270263,0.004143795383179276,0.007561615960637506,0.007313412077680574,0.007927213261821237,0.008251060278608108,0.011998222840458315,0.0033632646722619,0.006317129914460064,0.00518467436819776,0.0055385820510781844,0.007639921585632594,0.003636929108780842
752.9698149951314,75.04304564307684,,,,,,,35.1327765604155,35.23529528555292,0.09966275426799424,0.046658944171145376,753.8461538461537,79.83230769230782,0.10590000000000016,115.38461538461547,13.924050632911394,50.63291139240506,13.166666666666664,187.5,,,0.02694774072805171,0.004897705770012996,0.00021613563517951785,5.502115070497632,0.8404994056768633,0.15275932889583232,-5.318988393711608,2021-12-23 15:28:09,0.11862522686025408,8.426876565146051e-07,3.0888587724940098,0.18786203886891986,0.18635524857456456,1.180868983856188,0.0020689397055615377,0.19069872958257714,-37.351869831673326,0.5097074017871058,-0.5241525086101076,-0.1608951885379597,-0.4762867519339888,-0.2368473715240139,-0.05816445720572315,-0.0968192522545474,-0.13151814733410402,-0.10391498427143472,-0.3175616947817242,-0.0539079325309554,-0.07116936189217309,0.010134999052731816,0.01848107256022756,0.009065681579441976,0.010683302936268796,0.011079731559841316,0.011545581890002493,0.009188995315587062,0.004803532634673798,0.007732131441707581,0.0075258923286781985,0.008050521919297908,0.007227804775327902,0.007888685025439423,-0.0031987295825771324,7.745955119991521e-08,-0.017325996004990053,-0.0014228584272430287,-0.0005538467155847853,-0.020228805768836337,0.00016851298059718513,-0.0007259528130671509,0.06526255569804924,0.04979355990108787,-0.004752541231847629,-0.008565828725068341,-0.003317160159557425,-0.042731484783935215,-0.00511792570567436,-0.006025496901200411,0.001656741262675122,0.02137551166050166,0.002670029475709085,-0.01943408619726629,0.00514933673286511,0.0003474982954471368,0.0034302196923476,-0.00015165874190254275,-0.0005960796051213996,0.0002531249989180456,0.0006814148193437968,1.2398594285074155e-05,-6.34157245355575e-05,0.00014044787477608792,-0.00042602338023358863,-1.4758117681740827e-05,-0.0003477827075044549,0.0007121589900959121,0.03666793734528855,1.229578878622787e-06,0.27160311817316496,0.03493801996916337,0.0205507447829803,0.4623306705036101,0.0015186931218982573,0.0655284734554107,1.4550221332765567,0.41536887283133134,0.42280524008204656,0.26381490452647016,0.24993204825045146,0.18815372795667507,0.20348645886801792,0.16235042302136235,0.2034691064008705,0.14560797445529955,0.18990464081301586,0.2037463776440972,0.16814983294039715,0.0069612684238904,0.034343651887832595,0.006465863062915298,0.008967056001402903,0.0066374234054930575,0.0067002827263341535,0.006784842527269173,0.002892014067717127,0.005516944934202651,0.004052084504209884,0.003559483437705258,0.004032267514924932,0.008500161711987059,0.020084744319776537,6.921791146314172e-07,0.3817011391049056,0.02023739014996482,0.018496243115491563,0.2742764278786313,0.0013879329982869947,0.04722670388746087,0.9197960406711688,0.4678438315220639,0.3137813030911868,0.3167922759990856,0.2358677570968595,0.1966247832827984,0.2761777213472609,0.2632275501312282,0.19378177011787204,0.260248965078385,0.2422645580240464,0.2345597098767552,0.2329529799770977,0.008652235615720313,0.037402029297465916,0.008566865807922859,0.00865114326352153,0.006771713011275708,0.009071455766754215,0.008660171048019026,0.003900258897375628,0.008111213806589735,0.0051120713771826,0.004752515251700687,0.005026658074580753,0.00970386005975698
753.65141187926,75.32864647848194,,,,,,,35.1327765604155,35.24105438959815,0.09995157614134492,0.046616746159621095,753.8461538461537,79.83230769230782,0.10590000000000016,115.38461538461547,13.924050632911394,50.63291139240506,13.166666666666664,187.5,,,0.027464086063113225,0.004976303142286364,0.00022020974944173184,5.518973679423968,0.8408935213064178,0.15236411154513504,-5.303068004523375,2021-12-23 15:28:10,0.10803085299455537,2.2431244884652507e-06,3.168775465841152,0.1833748850359756,0.18767305104871052,0.9459485777569724,0.0027900044261097807,0.14351179673321238,-37.44962739093164,0.2596622792044244,-0.3223840113289577,-0.13271120716411305,-0.699976468503769,-0.05225358812402135,-0.2489517819569848,-0.17035307602123756,-0.11368353274428675,-0.33025482091585995,-0.11810787999754467,-0.07357512054696118,-0.18708609672952006,0.014168329404839737,0.010636383737565735,0.007440950072350616,0.0068413547806048655,0.012693028637733243,0.010628154971041436,0.008440260778375409,0.004344779213298569,0.005102869548320981,0.0074049773449282,0.007067364886250533,0.0065582945673703895,0.006058256660296869,0.0020417422867513614,-7.632883767894312e-08,0.02031594040495041,0.0006630030712595267,0.001033390374259874,-0.012951509156153724,1.4745532699938145e-05,-0.003176043557168784,-0.1041160905847338,-0.02631591992374968,0.048706538655373936,0.04215617886545009,-0.02654973519051541,0.06470820799869154,-0.03195734947768252,0.008282967490668477,-0.0037760102674504283,-0.017816599849099942,0.026967938747826225,0.010392744047713036,0.006374717831767655,0.0006456283571578774,-0.0030848186818680607,-0.00013821740659884712,-8.944079284121256e-05,-2.4612611545600863e-05,-0.00034618975842786316,-0.0002166594540202392,-3.330696669370395e-05,-5.567278872822103e-05,-5.367729757149338e-05,-0.00012404560712016662,-2.8957756394263136e-05,-0.0006271418441630688,0.017380456832581347,5.11034510304667e-06,0.10974736111184352,0.0256991440227708,0.024821427076495647,0.4279991373112629,0.001614710786847748,0.04250203701918457,1.2764770799919376,0.7249747334358575,0.3662947305818416,0.3343937004339454,0.4792397077742189,0.34927315788872043,0.2537691879147645,0.19160552197181915,0.2482405443276497,0.2925767284462839,0.22898591554744285,0.1865914584618894,0.13459748005795832,0.010268619632221787,0.011665459553259231,0.004093141606142413,0.003445353591506157,0.010216181337922731,0.008500868155541156,0.0072474040387728094,0.003530933018612185,0.0037315408113219282,0.006362893210129828,0.004979766735731289,0.007190731860018094,0.00341171822288249,0.020527280574777228,4.896138834163872e-06,0.20359837608842807,0.02433576379457513,0.02166419292939192,0.3371916342058511,0.0017483786282082394,0.0396630624203204,0.8150626488631225,0.5798083436304593,0.2301758785541045,0.3810773157644009,0.2920633988628419,0.36797348530791424,0.26885964537569873,0.2933729329522184,0.1871211410074594,0.30655380269013305,0.2262825462750013,0.21985005531099894,0.1451420093521669,0.012568607098553805,0.012648997413536684,0.005625738644643594,0.0036253979774152852,0.010474692637817471,0.009284050233612305,0.009758153504152364,0.0029604047542955755,0.005578811963668006,0.0068262068969558035,0.0057467658870457424,0.010929230060464656,0.0042369497579689865
753.9922103213241,75.45123754179937,,,,,,,35.1327765604155,35.244893269488266,0.10006898812607733,0.04659567576360395,753.8461538461537,79.83230769230782,0.10590000000000016,115.38461538461547,13.924050632911394,50.63291139240506,13.166666666666664,187.5,,,0.028565050225630068,0.0051310408334940575,0.0002260388098364875,5.5671063927546784,0.8420771436220349,0.15125939477606493,-5.272446748859848,2021-12-23 15:28:11,0.1101633393829401,1.3184192656542985e-06,3.179156573339621,0.18070426693454272,0.17752827081172834,0.948997753026418,0.002518691131781851,0.14854809437386568,-37.212273866759645,-0.08155303056049959,-0.012624363697062848,0.018351621161112545,-0.8186701774261407,0.14557860746418388,-0.5161345483209383,-0.17533587338192344,-0.16737222668226068,-0.2200011553387863,0.13790555825263512,-0.06982867477786013,-0.20282425033886425,0.014070505627289268,0.0141874303175844,0.007053505150933441,0.006137712790125386,0.01020247498055207,0.006062335615872913,0.010614749542360769,0.0038442852844235396,0.004299737679852552,0.006229492532856164,0.005873637506353625,0.006539588082096252,0.006719287691855586,0.0021098003629764065,-3.690015503931615e-08,0.015377156232723644,0.003958715339398093,0.0029402770231819835,0.028168914429089774,-0.00019117830251758882,0.005807622504537205,-0.11941134913338942,0.04955344892862319,-0.02771266772675169,-0.006494569205912804,0.04658956032855102,-0.02862681358591488,0.026866464036806127,-0.012530744801393124,-0.0016742146945177686,0.03174352329670112,-0.01561988706956998,-0.006816421218981439,0.004234574484248483,-0.0006565392054372409,-0.0002558201187503058,2.466044801849445e-05,0.0006562904446709321,0.00012883535269604926,0.0006786235292693157,0.0014313312828550387,0.00030595693174896224,0.00025316018402449296,0.0008033543595595648,0.0006535904212199787,0.0003629561363931618,6.674755834748685e-05,0.017241140508423604,1.09635584113378e-06,0.10014435472794007,0.02649103138277205,0.028768183531271793,0.3043837789202886,0.0009378878998861745,0.046534208823206,1.1057479690060041,0.8849449353409552,0.3713239319372965,0.3755112416422541,0.35858107969666897,0.159132042227314,0.3364363362356233,0.2124665711148377,0.196769639833932,0.2064297328925319,0.16020033721316845,0.16858091797827054,0.15332912154232745,0.011610063890686377,0.013322567528265244,0.004476262882525414,0.004363527954357658,0.010567781554129598,0.005157678119430353,0.009669405845917965,0.003281474192765493,0.0037228394222631055,0.004988565653304373,0.005734778018173425,0.003536795594529772,0.0034111351596479065,0.013132269778320918,6.779660622024014e-07,0.15483507761733406,0.012456230347466138,0.0137327177487509,0.3103587249241202,0.0008424530458113088,0.041175629831100825,0.4757899861096143,0.429629122096044,0.316047524216414,0.2882598381087257,0.271243835737975,0.18185910701834607,0.2233357202830341,0.2576242687124231,0.2623298418586726,0.2677657538938677,0.18210624144588405,0.20842568970744804,0.19980604957010545,0.013517076906213218,0.014196983538772568,0.00604715085636363,0.0034177105799559045,0.010145988975774194,0.004376041845762096,0.008487670562100761,0.003622242748774516,0.0033530465515256287,0.005112823087352765,0.006123894654369081,0.005247163206816868,0.004408487047976675
753.6991670749633,75.61246077955704,,,,,,,35.06177222189012,35.173823230531795,0.10032180488271206,0.04651958467456136,753.8461538461537,79.83230769230782,0.10590000000000016,115.38461538461547,13.375796178343947,50.955414012738856,13.083333333333336,187.5,,,0.029801057614257706,0.0052998182767478785,0.00023142465983038457,5.6230338585391095,0.8434508127026732,0.14999924132091313,-5.240082746417948,2021-12-23 15:28:12,0.15710072595281305,3.9126399947527424e-07,3.0880965445659805,0.2240179731488844,0.1963012463320605,1.4709017819411332,0.0017598742899394895,0.2622958257713249,-38.70777238760584,0.2417233055898603,-0.09861331911707348,0.09058677019984013,-0.3573962146713037,-0.049528658625818144,-0.39450822120421536,-0.04964208812700023,-0.05067397649708159,-0.18078624852456104,-0.09277606313314372,-0.08058819719112995,-0.08982865729881148,0.011188210314408784,0.007199249169988967,0.007986875844295277,0.0055026756522009385,0.010670881866948229,0.00575191209601029,0.005007920218441417,0.0025597531594060505,0.006898711997799368,0.007469485603089837,0.00912080184159937,0.007305549349688927,0.0043156889247485284,-0.0004990925589836659,6.744615874723743e-10,-0.0029155828238082828,-0.0007271705789398009,-0.0006985087370437848,0.002992338082539736,-1.0037594663446242e-05,-0.0010889292196007254,0.017424074366621762,-0.02541790902902671,-0.009559082504926349,0.00157228651084444,-0.00431167497209114,0.014042897525874964,-0.002951573466322321,0.014731793453305428,0.007871144012262191,-0.01444312317938779,-0.0027032165476296986,0.0108090532092657,-0.00017810276970793153,-0.0001809335966296061,-8.965924120254156e-05,0.00028292548793953286,-9.465081098769994e-05,0.00016549454059345027,-0.0005129057349611112,-0.0013232543377318974,-0.00025983008911788675,-0.00015198950300959586,-0.0003920826741231147,5.643951312125196e-05,0.00014397887287788183,-0.00012420320867642936,0.03635852284075155,5.214403253606114e-07,0.3879331315605311,0.015964684194896925,0.02631566100247445,0.3781740833051858,0.0006047048486238792,0.06952116107569542,0.7078664545138791,0.6994128799839063,0.5028684982910884,0.3264661433878633,0.15510806231438107,0.2193056906546937,0.2096372610850437,0.15921345930332018,0.1688762569568399,0.1552498578810661,0.1706268249869735,0.1877824293421772,0.2473377435546929,0.009921275218634631,0.0028741026176457483,0.004714672325338599,0.0036341519730756226,0.0061981452490227785,0.004110120348778799,0.002892425832246611,0.0019424824799122449,0.006668229325664609,0.005442342980934105,0.008116325142742263,0.006164075313008612,0.0025207689884011986,0.028221962693327617,5.565248314279694e-07,0.5825514156041431,0.01977666479637963,0.025096446009451896,0.3249326427528954,0.0007516270498332077,0.053683093853005036,0.7718911584025323,0.6876366582346701,0.3741089106173612,0.3525276370219273,0.1982816724202026,0.16453818501354325,0.2684642715538294,0.19027620127069825,0.17881999958906875,0.2351387084334748,0.2139633281987275,0.2779480569147873,0.27582907041658844,0.010330954972451132,0.004209717222000359,0.005814340171615961,0.004023888772152036,0.005909786131087665,0.005892725698353739,0.007081999143747147,0.0029276366958935346,0.01032503609092658,0.0073048044133677895,0.010190640231582613,0.005373362389794222,0.002791088765864198
753.8461538461539,75.37391558818517,,,,,,,35.062978050992676,35.17504250017136,0.09998580639249052,0.046512113741112734,753.8461538461537,79.83230769230782,0.10590000000000016,115.38461538461547,13.291139240506327,51.898734177215175,12.153846153846152,187.5,,,0.031119921283623588,0.005470723444723487,0.00023590705446889659,5.688447167556744,0.8450403249034243,0.14855377926738825,-5.208344414488383,2021-12-23 15:28:13,0.12118874773139746,1.1249789892122924e-05,3.228410044138793,0.19755178041230764,0.20898361985340447,0.9658047888806124,0.005482043553117932,0.1967785843920145,-37.757806421884716,1.6250504259386986,-0.4434432791472149,-0.1013268902687946,-0.21756490495428304,-0.16642101179461774,-0.2728165892106881,-0.08155506987469402,-0.08047718722326068,-0.15542984525010392,-0.22436367556572084,-0.1416224237711162,-0.2860408371662039,0.03525401161888795,0.007252896395826952,0.02193904257802948,0.01040181394916697,0.01899660649998982,0.011922412836020062,0.013302115161189643,0.006017475884019836,0.0076384942799388785,0.007792371239280432,0.013418749292072008,0.021139462178998484,0.015127874253918391,-0.004038112522686025,2.462484370796556e-06,0.00040369854109463256,-0.006387304439472713,-0.003986108894654649,-0.05115280373289588,0.0006070400951259669,-0.007304900181488202,0.3923446032552915,0.0266451982004526,-0.03505531931468121,-0.024423404234802864,-0.0018233869762066762,-0.007440861937109947,0.005202799579131922,-0.0010262927378292786,-0.012768357224277698,-0.0061238219912907975,0.0014977185642490276,-0.024303047113287228,-0.0365664885512097,0.0018635413323164407,0.0005544565391388792,0.001626249120570624,-0.00022030136605710567,-0.0006846679105767492,-0.0003805649199396522,0.0015654265432048465,0.0025066232448715106,-0.00033522155087230184,-0.00046972570916036085,-0.0006970330748507971,-0.00015537039315632536,0.0006848366627574188,0.05616555938210422,1.8880044806199246e-05,0.18028794373244628,0.06438628595103832,0.03306978745648189,0.5659827711242488,0.007425333815270341,0.10872994269020936,3.0182306022429457,0.8793416755498782,0.2611950757717615,0.2628839184039569,0.14597118738390988,0.2758326903117776,0.17232783551314193,0.216916581183056,0.19011010740331788,0.12720212895622296,0.16480769285346494,0.1971623191767571,0.2780460446727448,0.03976019173382907,0.003976682674642664,0.02410934800497096,0.007199652785127197,0.012664270956142651,0.009263406424188957,0.00951118134433716,0.010788308537513908,0.006762235328600368,0.004900736503291425,0.015123904025272257,0.028690016396479893,0.011614961417606984,0.02506077901397067,1.1224627464495656e-05,0.2699777191758475,0.033391136720052644,0.025423895839443968,0.3089882411580357,0.007904956765183336,0.056354552932715726,1.2550329219196197,0.7737230593992334,0.34369076555024103,0.3027072042505997,0.20694654094767745,0.29163488198034115,0.1863762051658865,0.2171305368880385,0.2308190914571998,0.15144158222866344,0.2277419749036869,0.25353107349964593,0.2730888213591703,0.029871063858917524,0.005932657007042254,0.02965382423401125,0.007837880503701359,0.0133291163300188,0.013015652261216771,0.010071334493576473,0.011159302207331688,0.009676887480751215,0.0060046787949248,0.022301675555298425,0.03142680396046081,0.007623868775112011
753.7487828627069,75.38385215830255,,,,,,,35.14350248848112,35.25565361475638,0.10001190565376142,0.046624954212207866,753.8461538461537,79.83230769230782,0.10590000000000016,115.38461538461547,13.291139240506327,52.531645569620245,12.153846153846152,187.5,,,0.032939584671682044,0.005703226986151846,0.0002414512893599585,5.775604714955852,0.8471186586824372,0.146671855241207,-5.16672312641587,2021-12-23 15:28:14,0.076497277676951,2.1018935183081346e-05,3.200260148469169,0.1432478747272509,0.156812062970815,0.6444371899189706,0.00553319977814135,0.13461887477313975,-33.80125964195157,0.7252642795444617,0.10833973545763012,0.3789744707061247,-0.6409277834868695,0.3515040061358929,-0.6373272576258369,-0.11532043162242825,-0.1091851235841517,-0.5268331479456188,-0.29739179090874457,-0.4747132870021018,-0.6463441554578019,0.03843657214361407,0.010751410822477945,0.07861703337611703,0.013294291764920509,0.007571791932089883,0.0043431500433359395,0.003966849362650075,0.006872358868721775,0.003753601482915257,0.002537190001047916,0.00679514404189923,0.00589470750307769,0.02735273555100733,0.001837568058076225,-2.361175019115269e-06,-0.01709311048714588,0.0023381845164674835,0.0006805790391098049,0.01883255093067484,-0.0004874252899815428,0.0025862068965517198,-0.23675154425498496,-0.07470371197881906,0.04471198461554439,0.04903102173663408,-0.017014531811242038,0.01083017906109292,0.0023109462792306828,-0.020188120966944133,0.00623454344858964,-0.0027904962238271803,-0.02869278397627721,0.028355099347418488,0.022646701430207573,-0.0019205022356176922,-0.0006868914997551609,-0.0020032895049875397,-0.0003336414212299985,0.00012969700424044625,2.896739921751123e-05,-0.0017340307043040575,-0.002360056169705446,1.3264357802239555e-05,-2.724224357358568e-05,0.0017832164826548649,0.0005940904289712421,-0.0003523910021768585,0.047961798920438746,1.6741755964732458e-05,0.16249110236565129,0.03796699950150142,0.016335483128955434,0.5768702129580574,0.0024195051234904004,0.0855006291851047,1.5865937742964713,0.6301608476639665,0.6340455588262657,0.444794081745046,0.266139381549715,0.19984764994948506,0.2746406605729581,0.2166623258098568,0.2483759810467185,0.263284544438309,0.2526925860211647,0.3604968774876457,0.2434033401448459,0.04728798183629942,0.008090905707360534,0.061818310225169086,0.018144651560976083,0.012348327952610174,0.0070767695041680685,0.0044825886183321,0.013114992010755586,0.00591760753792391,0.002370777962860337,0.009359986250358505,0.006189380444256363,0.015923124059125073,0.04739272515371319,1.1314524952524311e-05,0.21421263429497472,0.0395400781672927,0.022772739220614367,0.6268714456590161,0.003234739725876118,0.10842013022464687,0.9649794167453272,0.6825321817409539,0.6745048810965197,0.4137329105250118,0.33540113218087725,0.28026336909334315,0.3513881118421827,0.2405232334182392,0.26165271253047,0.33894535393083497,0.3199537922368,0.3542600528868544,0.23096987123696144,0.04178937826646214,0.0077460701920925214,0.06571028055253587,0.021852704377796427,0.016001025746322017,0.008864814944927298,0.004739070385037784,0.01749950698891444,0.008061936538777341,0.0033992347263297035,0.00541380734405019,0.005641273774534289,0.015963649997292058
753.5053554040896,75.42062822417894,,,,,,,35.11668152564225,35.228918036453955,0.10009302214412584,0.04660442195106879,753.8461538461537,79.83230769230782,0.10590000000000016,115.38461538461547,13.291139240506327,51.898734177215175,12.153846153846152,187.5,,,0.034420203882753464,0.005890047266636254,0.0002457905442392895,5.843790775283622,0.8487071825887922,0.1452323012963449,-5.134491256455043,2021-12-23 15:28:15,0.003062613430127041,3.1381087056216637e-08,3.2807629158559366,0.00878629102210552,0.008725286747282762,0.03907995300277687,0.050485944320177965,0.00603448275862069,-95.91496748867114,-0.006679796684683628,-0.021412148871513288,0.020743754183023287,-0.041890941892280896,-0.011998496142750805,-0.018743418404933692,-0.03450964224701384,-0.005398760403397386,-0.0143837366383717,-0.017425496260149637,0.019730804924933558,-0.025483588799114314,0.0005389392788404878,0.00014174438930572168,0.00029330178634061013,0.00021718243191447763,0.15864070959823318,6.947376066441476e-05,0.00033330845495041663,0.00028228604494007263,0.0002737540982694669,0.0011681396867040824,0.00024719723870726543,0.00016386298903283786,0.044035407928576575,-0.004219600725952813,-1.0499910708239716e-07,0.02179611601486256,-0.006993206449654536,-0.007696969210029084,-0.027713025182092454,-0.00017749526939726535,-0.004990925589836661,-3.147369514452024,0.008633403732920163,0.009165310263838823,-0.027959460556217185,0.040791120867030885,-0.00991161958709482,0.012139654766251496,0.021387513093953592,0.0015271921090763232,0.014743293195490285,0.034074065351066884,-0.010535548531532176,0.013825130081864112,-0.00028565352005356095,-7.130413668901973e-05,-0.00011644333418357314,-8.430928475938234e-05,0.008128122449173816,-0.0001904829192355916,-7.965766123502428e-05,-0.00022306285974266733,-6.750848675855466e-05,-5.4556334072099374e-05,-0.002018381096169762,-0.0011591370618121532,0.0017304040699388813,0.01334962244505424,1.234542974100631e-07,0.16084410170210878,0.03434311096647303,0.03803262392897081,0.17034545183334365,0.21896417075272165,0.02630370052136613,13.455211567140436,0.029116636673070413,0.09333342737664778,0.09041993131283244,0.1825983687938963,0.052300249817045605,0.08170069030953528,0.15042407001935887,0.02353267103688144,0.0626972591047685,0.07595598686820106,0.08600458965662654,0.11108038653941536,0.002349181853170375,0.0006178494687975282,0.0012784728466186776,0.0009466762730276107,0.03498433578649732,0.00030282910196391513,0.0014528578721565452,0.0012304563430655575,0.0011932664497367091,0.005091802846282361,0.0010775077826472713,0.000714262209780654,0.0088434443295361,0.014019963702359346,3.501496584299019e-07,0.1769746429704093,0.034760723553908766,0.038529420668839576,0.17989144211287392,0.3170247603887217,0.02692899062959716,13.443906824746964,0.029903060147124145,0.10993321236152112,0.09415765541924136,0.18291334419708166,0.11127491591046848,0.0880405749160482,0.16372140869910673,0.02967124005204799,0.06263432859417974,0.1022517168210584,0.0967788798451778,0.12456132760629887,0.002647751216430369,0.000704259711937414,0.0015272648589304116,0.0011355005873389446,0.03496372574595572,0.0005942328289977751,0.0018714485520270688,0.0012704719191151453,0.0015313437811126384,0.007217297820144087,0.007738870226708099,0.0043594532288308285,0.009006078258948865
754.6251217137293,76.10634458235269,,,,,,,36.08012122941099,36.18222599512268,0.10085318178848546,0.04781198000336141,753.8461538461537,79.83230769230782,0.10590000000000016,115.38461538461547,14.556962025316455,52.531645569620245,12.153846153846152,187.5,,,0.03583190093388116,0.0060669056887115045,0.00024997066271553574,5.90612459998388,0.8501290723413484,0.14394025353675552,-5.104906575105466,2021-12-23 15:28:16,0.0,3.058728816412427e-09,3.3176630834866767,0.0009074410163339744,4.4175948332801504e-09,2.6158917912022807e-08,0.0,0.0,-99.00180472473032,1.788551133495186e-08,7.864755142546954e-09,-7.156359565299767e-10,-3.111861707300955e-09,4.050640424859476e-09,5.420159848622751e-09,6.168274144021263e-09,4.592463281631839e-09,1.0708215257778363e-09,2.209081455938041e-09,-1.1273779434860036e-09,-4.025486699498673e-10,1.432249716832942e-35,6.6639994273473075e-37,1.1607184628758415e-36,2.1723394655450995e-37,0.16666666666666666,8.943131309475005e-37,5.942052222546405e-34,1.5630497836034415e-37,1.5184660522425288e-36,4.7572670022359353e-36,7.620665232391419e-36,9.525539383015872e-37,0.046064233199380564,0.0,0.0,0.0,0.0,0.0,0.0,0.0,0.0,0.0,0.0,0.0,0.0,0.0,0.0,0.0,0.0,0.0,0.0,0.0,0.0,0.0,0.0,0.0,0.0,0.0,0.0,0.0,0.0,0.0,0.0,0.0,0.0,0.0,0.0,0.0,4.1359030627651375e-25,4.440892098500626e-16,1.0842021724855042e-19,8.271806125530277e-25,3.3087224502121114e-24,0.0,0.0,1.4210854715202004e-14,3.3087224502121114e-24,1.6543612251060548e-24,1.0339757656912846e-25,4.1359030627651375e-25,0.0,8.271806125530277e-25,0.0,8.271806125530277e-25,2.0679515313825687e-25,4.1359030627651375e-25,0.0,5.169878828456423e-26,2.6727647100921956e-51,8.352389719038109e-53,1.6704779438076217e-52,4.1761948595190543e-53,2.7755575615628914e-17,1.6704779438076217e-52,0.0,2.0880974297595276e-53,3.3409558876152434e-52,0.0,1.3363823550460972e-51,0.0,6.938893903907227e-18,0.0,0.0,0.0,0.0,0.0,0.0,0.0,0.0,0.0,0.0,0.0,0.0,0.0,0.0,0.0,0.0,0.0,0.0,0.0,0.0,0.0,0.0,0.0,0.0,0.0,0.0,0.0,0.0,0.0,0.0,0.0,0.0,0.0,0.0
756.0856864654334,77.69482436325545,,,,,,,36.412855614061996,36.51032452494308,0.10275928476634044,0.048159694418083286,753.8461538461537,79.83230769230782,0.10590000000000016,115.38461538461547,15.18987341772152,52.531645569620245,12.153846153846152,187.5,,,0.03707905173887889,0.006222712786471445,0.00025380102462596035,5.958663530075017,0.8513045639674645,0.14286837302873298,-5.07954932800806,2021-12-23 15:28:17,0.0,3.058728816412427e-09,3.3176630834866767,0.0009074410163339744,4.4175948332801504e-09,2.6158917912022807e-08,0.0,0.0,-99.00180472473032,1.788551133495186e-08,7.864755142546954e-09,-7.156359565299767e-10,-3.111861707300955e-09,4.050640424859476e-09,5.420159848622751e-09,6.168274144021263e-09,4.592463281631839e-09,1.0708215257778363e-09,2.209081455938041e-09,-1.1273779434860036e-09,-4.025486699498673e-10,1.432249716832942e-35,6.6639994273473075e-37,1.1607184628758415e-36,2.1723394655450995e-37,0.16666666666666666,8.943131309475005e-37,5.942052222546405e-34,1.5630497836034415e-37,1.5184660522425288e-36,4.7572670022359353e-36,7.620665232391419e-36,9.525539383015872e-37,0.046064233199380564,0.0,0.0,0.0,0.0,0.0,0.0,0.0,0.0,0.0,0.0,0.0,0.0,0.0,0.0,0.0,0.0,0.0,0.0,0.0,0.0,0.0,0.0,0.0,0.0,0.0,0.0,0.0,0.0,0.0,0.0,0.0,0.0,0.0,0.0,0.0,4.1359030627651375e-25,4.440892098500626e-16,1.0842021724855042e-19,8.271806125530277e-25,3.3087224502121114e-24,0.0,0.0,1.4210854715202004e-14,3.3087224502121114e-24,1.6543612251060548e-24,1.0339757656912846e-25,4.1359030627651375e-25,0.0,8.271806125530277e-25,0.0,8.271806125530277e-25,2.0679515313825687e-25,4.1359030627651375e-25,0.0,5.169878828456423e-26,2.6727647100921956e-51,8.352389719038109e-53,1.6704779438076217e-52,4.1761948595190543e-53,2.7755575615628914e-17,1.6704779438076217e-52,0.0,2.0880974297595276e-53,3.3409558876152434e-52,0.0,1.3363823550460972e-51,0.0,6.938893903907227e-18,0.0,0.0,0.0,0.0,0.0,0.0,0.0,0.0,0.0,0.0,0.0,0.0,0.0,0.0,0.0,0.0,0.0,0.0,0.0,0.0,0.0,0.0,0.0,0.0,0.0,0.0,0.0,0.0,0.0,0.0,0.0,0.0,0.0,0.0
755.818540433925,78.15329807193271,,,,,,,36.626184365554856,36.72857852547697,0.10340219760561037,0.04845896522269392,753.8461538461537,85.53461538461545,0.1134642857142858,115.38461538461547,15.384615384615385,53.20512820512821,13.0,187.5,,,0.03704653368358128,0.006174860473328137,0.0002499674383907959,5.999574216065463,0.8522055055111608,0.14204433095087862,-5.087268992135824,2021-12-23 15:28:18,0.0,3.058728816412427e-09,3.3176630834866767,0.0009074410163339744,4.4175948332801504e-09,2.6158917912022807e-08,0.0,0.0,-99.00180472473032,1.788551133495186e-08,7.864755142546954e-09,-7.156359565299767e-10,-3.111861707300955e-09,4.050640424859476e-09,5.420159848622751e-09,6.168274144021263e-09,4.592463281631839e-09,1.0708215257778363e-09,2.209081455938041e-09,-1.1273779434860036e-09,-4.025486699498673e-10,1.432249716832942e-35,6.6639994273473075e-37,1.1607184628758415e-36,2.1723394655450995e-37,0.16666666666666666,8.943131309475005e-37,5.942052222546405e-34,1.5630497836034415e-37,1.5184660522425288e-36,4.7572670022359353e-36,7.620665232391419e-36,9.525539383015872e-37,0.046064233199380564,0.0,0.0,0.0,0.0,0.0,0.0,0.0,0.0,0.0,0.0,0.0,0.0,0.0,0.0,0.0,0.0,0.0,0.0,0.0,0.0,0.0,0.0,0.0,0.0,0.0,0.0,0.0,0.0,0.0,0.0,0.0,0.0,0.0,0.0,0.0,4.1359030627651375e-25,4.440892098500626e-16,1.0842021724855042e-19,8.271806125530277e-25,3.3087224502121114e-24,0.0,0.0,1.4210854715202004e-14,3.3087224502121114e-24,1.6543612251060548e-24,1.0339757656912846e-25,4.1359030627651375e-25,0.0,8.271806125530277e-25,0.0,8.271806125530277e-25,2.0679515313825687e-25,4.1359030627651375e-25,0.0,5.169878828456423e-26,2.6727647100921956e-51,8.352389719038109e-53,1.6704779438076217e-52,4.1761948595190543e-53,2.7755575615628914e-17,1.6704779438076217e-52,0.0,2.0880974297595276e-53,3.3409558876152434e-52,0.0,1.3363823550460972e-51,0.0,6.938893903907227e-18,0.0,0.0,0.0,0.0,0.0,0.0,0.0,0.0,0.0,0.0,0.0,0.0,0.0,0.0,0.0,0.0,0.0,0.0,0.0,0.0,0.0,0.0,0.0,0.0,0.0,0.0,0.0,0.0,0.0,0.0,0.0,0.0,0.0,0.0
758.2067613914751,81.11962076540227,,,,,,,36.49821306545881,36.596507073099204,0.10698878577201036,0.04813754627890237,753.8461538461537,91.23692307692309,0.12102857142857144,115.38461538461547,15.286624203821654,52.86624203821656,13.083333333333336,187.5,,,0.03622118536787699,0.006030243773904543,0.00024358058270461543,6.0065872501907185,0.8523632681275961,0.14190475100491254,-5.110967842210345,2021-12-23 15:28:19,0.0,3.058728816412427e-09,3.3176630834866767,0.0009074410163339744,4.4175948332801504e-09,2.6158917912022807e-08,0.0,0.0,-99.00180472473032,1.788551133495186e-08,7.864755142546954e-09,-7.156359565299767e-10,-3.111861707300955e-09,4.050640424859476e-09,5.420159848622751e-09,6.168274144021263e-09,4.592463281631839e-09,1.0708215257778363e-09,2.209081455938041e-09,-1.1273779434860036e-09,-4.025486699498673e-10,1.432249716832942e-35,6.6639994273473075e-37,1.1607184628758415e-36,2.1723394655450995e-37,0.16666666666666666,8.943131309475005e-37,5.942052222546405e-34,1.5630497836034415e-37,1.5184660522425288e-36,4.7572670022359353e-36,7.620665232391419e-36,9.525539383015872e-37,0.046064233199380564,0.0,0.0,0.0,0.0,0.0,0.0,0.0,0.0,0.0,0.0,0.0,0.0,0.0,0.0,0.0,0.0,0.0,0.0,0.0,0.0,0.0,0.0,0.0,0.0,0.0,0.0,0.0,0.0,0.0,0.0,0.0,0.0,0.0,0.0,0.0,4.1359030627651375e-25,4.440892098500626e-16,1.0842021724855042e-19,8.271806125530277e-25,3.3087224502121114e-24,0.0,0.0,1.4210854715202004e-14,3.3087224502121114e-24,1.6543612251060548e-24,1.0339757656912846e-25,4.1359030627651375e-25,0.0,8.271806125530277e-25,0.0,8.271806125530277e-25,2.0679515313825687e-25,4.1359030627651375e-25,0.0,5.169878828456423e-26,2.6727647100921956e-51,8.352389719038109e-53,1.6704779438076217e-52,4.1761948595190543e-53,2.7755575615628914e-17,1.6704779438076217e-52,0.0,2.0880974297595276e-53,3.3409558876152434e-52,0.0,1.3363823550460972e-51,0.0,6.938893903907227e-18,0.0,0.0,0.0,0.0,0.0,0.0,0.0,0.0,0.0,0.0,0.0,0.0,0.0,0.0,0.0,0.0,0.0,0.0,0.0,0.0,0.0,0.0,0.0,0.0,0.0,0.0,0.0,0.0,0.0,0.0,0.0,0.0,0.0,0.0
759.2846643802056,82.38158283735544,,,,,,,36.33155368759468,36.42223572478199,0.10849894209914336,0.04784971354222155,753.8461538461537,91.23692307692309,0.12102857142857144,123.07692307692308,15.286624203821654,52.229299363057315,14.272727272727273,187.5,,,0.034834071632798135,0.005832608581564687,0.00023646224587003424,5.972297154124025,0.8516233603974258,0.14259561077086694,-5.144290937599939,2021-12-23 15:28:20,0.17284482758620687,2.325091294784576e-07,3.1399395902047496,0.2468647001860771,0.21649860188833772,1.520724190063414,0.05155813988430325,0.31869328493647914,-39.37819897004655,0.6948223883620589,-0.18319148709951444,0.17363713358907293,-0.4619361960549514,-0.010858099397512836,-0.2968355198179761,-0.1634120459474622,-0.1197035682514738,-0.16521183969160452,-0.12981649944611898,0.003879640696659449,-0.10566688002185916,0.012357128068873999,0.005925861730482647,0.011405878571063123,0.006736222962679815,0.016576799786779704,0.01025413024005237,0.007606162995464684,0.003067942864368374,0.013723943364613377,0.010028075464385052,0.009334661791167851,0.0058561843246548746,0.00626952025447613,0.007509074410163341,2.89666549671008e-09,-0.0041062338862972725,0.011814626255633485,0.011101174550890044,0.07136772559203378,5.7667068763471204e-05,0.0132032667876588,2.96739553651892,0.05953212801110561,-0.02175913524419617,-0.018021139208132246,-0.016995192589819123,-0.004459166969195093,-0.009572348930570074,-0.0012002424632172966,-0.012499438755410168,0.000209896258137221,0.011363885558569322,0.0005956696739259276,-0.0008115598744296331,0.00022289249454688443,0.0003550003713081695,0.00044684055049858075,0.0005839929557048389,-0.007594619439530863,0.000644570133374324,0.0005768914093491983,0.00018877344983715927,0.0012814229792675372,0.0008906523685847627,0.000793734316705335,0.00016000799913390594,-0.0019885144223631946,0.0521294012740613,3.248006416916729e-07,0.2799819343295741,0.023963428123349808,0.02187693508000208,0.4009721447963057,0.2188518682742042,0.09907228075422754,0.8113506093017129,0.7659213994209506,0.1407043264596425,0.3283354656462755,0.2845092503970253,0.2288038565022766,0.14252419707925754,0.1789646005928021,0.14844522086415454,0.1737536398094334,0.16221306704431632,0.12695197775570544,0.11101399023559937,0.008819450972019967,0.003468769170752206,0.008701644011567792,0.004783371391574002,0.009160638369110557,0.011482438019850771,0.0052045345561819705,0.0014663398312765245,0.009424412200309549,0.005729785944836321,0.0063385943682033215,0.004103586677741032,0.0029420768748292013,0.046571371263911865,2.7735036281305853e-07,0.40043997751676935,0.040402838589794335,0.03852622941367099,0.397883397272954,0.3173895166788066,0.08629734246638852,13.358083837584063,0.3824614128539496,0.20325563953174347,0.26577851406091285,0.26012704148040205,0.19792677494413585,0.1675974382901612,0.2229246303494003,0.15167973266620946,0.2329644481209478,0.2011954652340084,0.1904332968798575,0.13220106584384395,0.01207396548396755,0.004926287137710344,0.011708431931428984,0.0065980040699309215,0.03606748533576491,0.014759248631421609,0.004878093367761071,0.001405718885747697,0.01046027134109208,0.006222128495295155,0.004836512477055245,0.0062490509288162755,0.009217922269134293
760.5585497305243,83.35863421707221,,,,,,,36.221766742952816,36.3235711845779,0.1096018633234841,0.04762521801350686,753.8461538461537,91.23692307692309,0.12102857142857144,123.07692307692308,15.286624203821654,51.59235668789809,14.272727272727273,187.5,,,0.0336665454457902,0.005697819429340745,0.00023274673865065102,5.908671881110406,0.85022730380346,0.1438948245749734,-5.1676717335909546,2021-12-23 15:28:21,0.0691016333938294,3.559054318209101e-05,3.0601420644176027,0.14798080257372215,0.17304575847510598,0.6433439603954038,0.012757145309771423,0.1044464609800363,-34.68183598547823,1.1057751146040835,0.0315140837279957,-0.011929045386938892,-0.4333896641870765,-0.32374325090973305,-0.5286481785542774,-0.25121424669957826,-0.35363908799065946,-0.34650421279080235,-0.3422631345844396,-0.0732591244104855,-0.06841693902121901,0.008599248042876689,0.0040328015558408455,0.026077860811459446,0.04627641247832128,0.02844347400091416,0.02741514602264448,0.015365180135518512,0.003099159375799245,0.01281724878816826,0.006728598081944483,0.006134044310671695,0.006079599330106098,0.023666234979199518,-0.006556261343012704,2.682049302415474e-06,0.00027388607341554126,-0.007548730664906531,-0.005336535786556393,-0.06226948792220851,0.0007540052557218964,-0.009528130671506351,0.3593079875109762,-0.017100564667249282,0.009846302068381756,0.04212430166904746,-0.023385141530244468,0.006095766208990344,-0.040344829243424696,-0.024552825736141058,-0.012957912414422129,-0.041154554843254997,-0.04014913546860492,0.039527039955903925,0.02685896046102029,-7.594780721971863e-06,-0.00032869254565116987,-0.0003651448870429657,-0.00038886906615545266,0.0016209979244047744,0.009822281342138773,-0.00021134471209225514,-0.0001801809401842257,-0.001194905690322872,-0.0008346770156992812,-0.000747202329766827,-3.1519660008496994e-05,0.002556990183330523,0.045248493288079984,4.1934128479594675e-05,0.36332014859673295,0.051800874804072215,0.04444643792569503,0.4844911248763211,0.013781840522977123,0.07509692596044047,2.6381209012565106,1.540738698294093,0.6890329476083771,0.503690432874328,0.33207045940080154,0.3131293016162848,0.3471697703001229,0.2655286205340225,0.2430661592174709,0.2733722187031312,0.38427578102382026,0.4017041808658882,0.3541312401042675,0.011291958737821562,0.0034139969692443518,0.031168175418452727,0.0618379152785351,0.020202173063859644,0.04758700993917641,0.026655023606042518,0.004035335646978749,0.0229119866732926,0.007301320510783437,0.010700177270997386,0.011587805792650436,0.017685305835736752,0.03422312316523158,4.302441838001555e-05,0.5081419133486721,0.04035489523686138,0.04425548960436853,0.32863194929895395,0.014631242751625872,0.053250244001355834,1.38408732482916,1.2157959210928562,0.5041911234328047,0.4529725288704042,0.37814916115953207,0.3703951485932769,0.333420440259903,0.3112874423852052,0.3441683762979179,0.25628663842981625,0.4018687166346713,0.4237099227489907,0.3768953737549126,0.017313357180527227,0.004212783261019024,0.0413134740957422,0.08565059667121015,0.02525338830331694,0.05305868377909722,0.036783238584558765,0.0051123766542294155,0.030638987517334324,0.007230198639987264,0.013249700936961891,0.01688273258969195,0.016591861635959087
761.3905325443789,84.36675022029843,,,,,,,36.375173862477716,36.484388123800905,0.11080614561671216,0.04777466005641137,753.8461538461537,91.23692307692309,0.12102857142857144,125.00000000000013,15.384615384615385,52.564102564102576,15.6,187.5,,,0.032482744200649324,0.005587246202713097,0.0002307838478511487,5.813730596814603,0.8480962809680042,0.1458781529079941,-5.187268742407301,2021-12-23 15:28:22,0.05077132486388385,2.622517303631001e-05,3.124174917217455,0.11624394072465273,0.1523386530699498,0.3740511373165378,0.009229033684348818,0.06923774954627948,-33.77920547343791,1.221021968806452,-0.4133354175148197,0.06774855581922605,-0.5030307558931241,0.021520747784430083,-0.3678657829313267,-0.29416301930595623,-0.38669682519935294,-0.27189990862965085,-0.3882814083646681,0.010025379855139216,-0.4408915622092259,0.031872535612773346,0.006343513632688237,0.052013222525251056,0.017228927125466236,0.013693077670653349,0.01025408085372317,0.01573433144704886,0.008127680283947303,0.018533315930733082,0.0036415522128611156,0.004575090377999136,0.004869120343938571,0.02404468353084032,0.002994555353901997,-2.669914971276967e-06,-0.000276086478414439,0.004217167784123111,0.004643958401669408,0.00948175199448064,-0.0006703117385116858,0.0,-0.2698379053483368,0.035414456182769886,-0.0405858054189208,-0.007212424662034142,0.030716551759819806,-0.027951346194492764,0.026807049986709863,0.009480149802974241,0.018785472132857424,0.01616997756965783,0.007341668865468494,-0.0325430956177537,-0.04795461592971802,0.002769038348256493,0.0005601079602249825,0.0006229254502807595,0.0003840569161313482,-0.0010694586314315038,-0.009816964132716323,0.0001347123112638153,4.63185176488409e-05,0.0003735710527666622,0.00025525910417381316,0.0002476639017398996,0.0002317339941189996,-0.0021340265302635707,0.028074962401086454,2.9410730419127398e-05,0.18420709774335045,0.032036364317025966,0.03661779838244023,0.2958377450067683,0.00852027622247285,0.042491210224012574,1.8052709136868863,1.0345906173906243,0.6348789327845388,0.5589769277993926,0.3086807441405601,0.3443383615518902,0.2521090384953865,0.243954077176598,0.2443242195778584,0.35072778238928204,0.4076961012898787,0.42168401211646384,0.2637195975632018,0.03313968944395065,0.0055605051136619005,0.059226303835876924,0.023263925065335245,0.020243866264529474,0.009272254391991648,0.01669304100692699,0.009353183952478623,0.03245379071316957,0.0023095298359028017,0.003484753455604121,0.004666638817125744,0.012907384814417654,0.032073707791270466,2.9550578130570123e-05,0.2130224090445285,0.026410333119762743,0.034305593738694656,0.3415537911848521,0.010753825777206157,0.05084180738166892,1.7158797342217975,0.8208325911163213,0.5013752729613921,0.3327086475231316,0.2167781710477035,0.3877207590875223,0.3297566356401322,0.2846115941774618,0.25563343122090715,0.4082144435656592,0.3715651484599394,0.2642652644215262,0.32060988457477435,0.031424084113182975,0.0074398399770334986,0.04717328921270255,0.028221259641622306,0.03021900495668973,0.041225706734001485,0.02239827741827551,0.01282486938544665,0.035139784467380766,0.0032780893697061967,0.003688714483852669,0.0044343354375593605,0.01582925283191151
761.9329388560158,84.73843915637356,,,,,,,36.459036046091406,36.570575738749106,0.11121508840870152,0.047850715183454164,753.8461538461537,91.23692307692309,0.12102857142857144,130.76923076923083,15.384615384615385,52.564102564102576,15.6,187.5,,,0.031102151888698994,0.0054991053397933035,0.00023140837311433232,5.655856719752897,0.8444176217140886,0.1492996841247741,-5.203169865467305,2021-12-23 15:28:23,0.07182395644283121,1.0986979796727948e-06,3.025521549923807,0.11418106284210125,0.112925011435052,0.5575155200914979,0.04972892419000419,0.10689655172413792,-65.70031237122518,0.32288843279959617,-0.3876701057039652,0.04529261663831957,-0.26972215098674834,-0.06893838797612087,-0.09925193288415417,-0.07628152650820316,-0.15583248392129678,-0.07173935809680461,-0.042770681970710885,0.01563779802906921,-0.05868162554926615,0.0060149204171264,0.003958905965757648,0.004144483664553059,0.004903506064385082,0.08497815474702318,0.005269756603202717,0.005828612222231076,0.0022217647498973545,0.005194305548301029,0.005913747450847802,0.0058329060980856365,0.0037619263353119202,0.024846417645529008,-0.00394736842105263,-1.503099663521849e-08,0.0041084342912961706,-0.008483063374850063,-0.010408597166003059,-0.01857998966430594,-0.00014136058597369883,-0.003675136116152453,-3.0568656186815595,-0.07784601952662623,0.05249863859473519,-0.016890737798881058,0.0096637823602438,0.026314746954697515,0.023110128187284917,0.016272918396384124,0.006671879036974859,0.02477468101545995,0.021443581044567096,-0.007579614012076162,0.021907215343127347,-0.0029843360620814066,-0.0005864157858819822,-0.0007046211137363752,-0.0005791808056807345,0.007043080146557591,-0.0006498873427967704,-0.000500259008520758,-5.491102730177408e-05,-0.0004600883417113281,-0.00031123445705929484,-0.00029419588867840785,-0.00036022233324440825,0.0015655507692962426,0.08461274385033657,4.169413141621418e-06,0.697010806728036,0.10897463926566628,0.10607262474229248,0.6998012400246381,0.2087685773808639,0.15303088097541906,30.146987688665558,0.8094226326594899,0.5725111465193954,0.24021838392371664,0.3289514867631345,0.2882953786707632,0.16761761296084945,0.20974326209407584,0.19171264573416685,0.16070584478845865,0.16259988199386513,0.15015639353142285,0.11355616259672212,0.009669345336833543,0.005355366537123396,0.006832661420443866,0.0100754321933672,0.07415265602108337,0.008097391735170626,0.007920701339314516,0.0029817709507346936,0.007244530119212695,0.007306842339523893,0.008364553912325282,0.005817847594429071,0.01930679138715136,0.052889703566422634,5.8316463285989545e-06,0.9979900663907636,0.059763675408844086,0.06457512377854366,0.5504082327523708,0.3024239558818632,0.13534034050043187,12.874011472376768,0.6399108922062324,0.5556755488875861,0.2760329197859765,0.28061904033788204,0.285912318368115,0.1895157169301257,0.24159702030762475,0.16939591834941412,0.17892973064033882,0.27227074643661964,0.1684313528544414,0.1352280638252643,0.007161199195026557,0.00580453854196204,0.008831509999018435,0.01275477592784659,0.03262546894804138,0.009612011709518052,0.005767992428138097,0.003351472621335082,0.0069545075246045295,0.007128105968165714,0.007395148187628446,0.0073699078300854095,0.009550714752378084
761.7357001972383,84.7931753545888,,,,,,,38.09753308423538,38.22089650727151,0.11131574289170516,0.05001410997852755,753.8461538461537,91.23692307692309,0.12102857142857144,130.76923076923083,16.025641025641026,53.20512820512821,15.6,187.5,,,0.030124957006581517,0.0054744345969402865,0.00023444622434837543,5.502843530803831,0.8406846386727655,0.15277276810921106,-5.207666278577529,2021-12-23 15:28:24,0.0,3.058728816412427e-09,3.3176630834866767,0.0009074410163339744,4.4175948332801504e-09,2.6158917912022807e-08,0.0,0.0,-99.00180472473032,1.788551133495186e-08,7.864755142546954e-09,-7.156359565299767e-10,-3.111861707300955e-09,4.050640424859476e-09,5.420159848622751e-09,6.168274144021263e-09,4.592463281631839e-09,1.0708215257778363e-09,2.209081455938041e-09,-1.1273779434860036e-09,-4.025486699498673e-10,1.432249716832942e-35,6.6639994273473075e-37,1.1607184628758415e-36,2.1723394655450995e-37,0.16666666666666666,8.943131309475005e-37,5.942052222546405e-34,1.5630497836034415e-37,1.5184660522425288e-36,4.7572670022359353e-36,7.620665232391419e-36,9.525539383015872e-37,0.046064233199380564,0.0,0.0,0.0,0.0,0.0,0.0,0.0,0.0,0.0,0.0,0.0,0.0,0.0,0.0,0.0,0.0,0.0,0.0,0.0,0.0,0.0,0.0,0.0,0.0,0.0,0.0,0.0,0.0,0.0,0.0,0.0,0.0,0.0,0.0,0.0,4.1359030627651375e-25,4.440892098500626e-16,1.0842021724855042e-19,8.271806125530277e-25,3.3087224502121114e-24,0.0,0.0,1.4210854715202004e-14,3.3087224502121114e-24,1.6543612251060548e-24,1.0339757656912846e-25,4.1359030627651375e-25,0.0,8.271806125530277e-25,0.0,8.271806125530277e-25,2.0679515313825687e-25,4.1359030627651375e-25,0.0,5.169878828456423e-26,2.6727647100921956e-51,8.352389719038109e-53,1.6704779438076217e-52,4.1761948595190543e-53,2.7755575615628914e-17,1.6704779438076217e-52,0.0,2.0880974297595276e-53,3.3409558876152434e-52,0.0,1.3363823550460972e-51,0.0,6.938893903907227e-18,0.0,0.0,0.0,0.0,0.0,0.0,0.0,0.0,0.0,0.0,0.0,0.0,0.0,0.0,0.0,0.0,0.0,0.0,0.0,0.0,0.0,0.0,0.0,0.0,0.0,0.0,0.0,0.0,0.0,0.0,0.0,0.0,0.0,0.0
762.2781065088757,84.5173302655483,,,,,,,37.836105910612666,37.95404935373945,0.11087466574715826,0.0496355668456708,757.6923076923076,96.93923076923073,0.12794010152284258,130.76923076923083,15.384615384615385,53.20512820512821,15.6,187.5,,,0.029318391303498288,0.005498222107839064,0.00024007380196046734,5.332340296274633,0.8363138001350321,0.1568380398976621,-5.203330492121434,2021-12-23 15:28:25,0.0,3.058728816412427e-09,3.3176630834866767,0.0009074410163339744,4.4175948332801504e-09,2.6158917912022807e-08,0.0,0.0,-99.00180472473032,1.788551133495186e-08,7.864755142546954e-09,-7.156359565299767e-10,-3.111861707300955e-09,4.050640424859476e-09,5.420159848622751e-09,6.168274144021263e-09,4.592463281631839e-09,1.0708215257778363e-09,2.209081455938041e-09,-1.1273779434860036e-09,-4.025486699498673e-10,1.432249716832942e-35,6.6639994273473075e-37,1.1607184628758415e-36,2.1723394655450995e-37,0.16666666666666666,8.943131309475005e-37,5.942052222546405e-34,1.5630497836034415e-37,1.5184660522425288e-36,4.7572670022359353e-36,7.620665232391419e-36,9.525539383015872e-37,0.046064233199380564,0.0,0.0,0.0,0.0,0.0,0.0,0.0,0.0,0.0,0.0,0.0,0.0,0.0,0.0,0.0,0.0,0.0,0.0,0.0,0.0,0.0,0.0,0.0,0.0,0.0,0.0,0.0,0.0,0.0,0.0,0.0,0.0,0.0,0.0,0.0,4.1359030627651375e-25,4.440892098500626e-16,1.0842021724855042e-19,8.271806125530277e-25,3.3087224502121114e-24,0.0,0.0,1.4210854715202004e-14,3.3087224502121114e-24,1.6543612251060548e-24,1.0339757656912846e-25,4.1359030627651375e-25,0.0,8.271806125530277e-25,0.0,8.271806125530277e-25,2.0679515313825687e-25,4.1359030627651375e-25,0.0,5.169878828456423e-26,2.6727647100921956e-51,8.352389719038109e-53,1.6704779438076217e-52,4.1761948595190543e-53,2.7755575615628914e-17,1.6704779438076217e-52,0.0,2.0880974297595276e-53,3.3409558876152434e-52,0.0,1.3363823550460972e-51,0.0,6.938893903907227e-18,0.0,0.0,0.0,0.0,0.0,0.0,0.0,0.0,0.0,0.0,0.0,0.0,0.0,0.0,0.0,0.0,0.0,0.0,0.0,0.0,0.0,0.0,0.0,0.0,0.0,0.0,0.0,0.0,0.0,0.0,0.0,0.0,0.0,0.0
763.2642998027612,84.32195328638153,,,,,,,38.137593592763096,38.24553440503684,0.11047543204650284,0.04996643181479653,761.5384615384613,91.23692307692309,0.11980606060606062,125.0,16.025641025641026,53.84615384615386,15.6,187.5,,,0.02839127409826976,0.0055610326457855895,0.000249221402287295,5.105396049020858,0.8301171215738732,0.16259602851635332,-5.191971460305613,2021-12-23 15:28:26,0.0,3.058728816412427e-09,3.3176630834866767,0.0009074410163339744,4.4175948332801504e-09,2.6158917912022807e-08,0.0,0.0,-99.00180472473032,1.788551133495186e-08,7.864755142546954e-09,-7.156359565299767e-10,-3.111861707300955e-09,4.050640424859476e-09,5.420159848622751e-09,6.168274144021263e-09,4.592463281631839e-09,1.0708215257778363e-09,2.209081455938041e-09,-1.1273779434860036e-09,-4.025486699498673e-10,1.432249716832942e-35,6.6639994273473075e-37,1.1607184628758415e-36,2.1723394655450995e-37,0.16666666666666666,8.943131309475005e-37,5.942052222546405e-34,1.5630497836034415e-37,1.5184660522425288e-36,4.7572670022359353e-36,7.620665232391419e-36,9.525539383015872e-37,0.046064233199380564,0.0,0.0,0.0,0.0,0.0,0.0,0.0,0.0,0.0,0.0,0.0,0.0,0.0,0.0,0.0,0.0,0.0,0.0,0.0,0.0,0.0,0.0,0.0,0.0,0.0,0.0,0.0,0.0,0.0,0.0,0.0,0.0,0.0,0.0,0.0,4.1359030627651375e-25,4.440892098500626e-16,1.0842021724855042e-19,8.271806125530277e-25,3.3087224502121114e-24,0.0,0.0,1.4210854715202004e-14,3.3087224502121114e-24,1.6543612251060548e-24,1.0339757656912846e-25,4.1359030627651375e-25,0.0,8.271806125530277e-25,0.0,8.271806125530277e-25,2.0679515313825687e-25,4.1359030627651375e-25,0.0,5.169878828456423e-26,2.6727647100921956e-51,8.352389719038109e-53,1.6704779438076217e-52,4.1761948595190543e-53,2.7755575615628914e-17,1.6704779438076217e-52,0.0,2.0880974297595276e-53,3.3409558876152434e-52,0.0,1.3363823550460972e-51,0.0,6.938893903907227e-18,0.0,0.0,0.0,0.0,0.0,0.0,0.0,0.0,0.0,0.0,0.0,0.0,0.0,0.0,0.0,0.0,0.0,0.0,0.0,0.0,0.0,0.0,0.0,0.0,0.0,0.0,0.0,0.0,0.0,0.0,0.0,0.0,0.0,0.0
765.409429280397,84.01098368919405,,,,,,,38.39154470296729,38.494758853927436,0.10975953584498864,0.05015818101308376,761.5384615384613,91.23692307692309,0.11980606060606062,115.38461538461536,16.129032258064516,54.193548387096776,15.5,187.5,,,0.02771089608296587,0.005632097275468111,0.00025782781445718493,4.920173556601557,0.8247088944755543,0.167617846197522,-5.179273388352949,2021-12-23 15:28:27,0.0,3.058728816412427e-09,3.3176630834866767,0.0009074410163339744,4.4175948332801504e-09,2.6158917912022807e-08,0.0,0.0,-99.00180472473032,1.788551133495186e-08,7.864755142546954e-09,-7.156359565299767e-10,-3.111861707300955e-09,4.050640424859476e-09,5.420159848622751e-09,6.168274144021263e-09,4.592463281631839e-09,1.0708215257778363e-09,2.209081455938041e-09,-1.1273779434860036e-09,-4.025486699498673e-10,1.432249716832942e-35,6.6639994273473075e-37,1.1607184628758415e-36,2.1723394655450995e-37,0.16666666666666666,8.943131309475005e-37,5.942052222546405e-34,1.5630497836034415e-37,1.5184660522425288e-36,4.7572670022359353e-36,7.620665232391419e-36,9.525539383015872e-37,0.046064233199380564,0.0,0.0,0.0,0.0,0.0,0.0,0.0,0.0,0.0,0.0,0.0,0.0,0.0,0.0,0.0,0.0,0.0,0.0,0.0,0.0,0.0,0.0,0.0,0.0,0.0,0.0,0.0,0.0,0.0,0.0,0.0,0.0,0.0,0.0,0.0,4.1359030627651375e-25,4.440892098500626e-16,1.0842021724855042e-19,8.271806125530277e-25,3.3087224502121114e-24,0.0,0.0,1.4210854715202004e-14,3.3087224502121114e-24,1.6543612251060548e-24,1.0339757656912846e-25,4.1359030627651375e-25,0.0,8.271806125530277e-25,0.0,8.271806125530277e-25,2.0679515313825687e-25,4.1359030627651375e-25,0.0,5.169878828456423e-26,2.6727647100921956e-51,8.352389719038109e-53,1.6704779438076217e-52,4.1761948595190543e-53,2.7755575615628914e-17,1.6704779438076217e-52,0.0,2.0880974297595276e-53,3.3409558876152434e-52,0.0,1.3363823550460972e-51,0.0,6.938893903907227e-18,0.0,0.0,0.0,0.0,0.0,0.0,0.0,0.0,0.0,0.0,0.0,0.0,0.0,0.0,0.0,0.0,0.0,0.0,0.0,0.0,0.0,0.0,0.0,0.0,0.0,0.0,0.0,0.0,0.0,0.0,0.0,0.0,0.0,0.0
766.8486352357321,84.26303781579969,,,,,,,38.41655711340157,38.518139517406155,0.10988222961353633,0.050096662298410664,769.2307692307692,91.23692307692309,0.118608,119.23076923076916,16.129032258064516,54.838709677419345,15.5,187.5,,,0.02713967623662962,0.0057302629472436644,0.0002677325701891621,4.736200849157224,0.8189976784745744,0.17292291956332673,-5.161993859737064,2021-12-23 15:28:28,0.0,3.058728816412427e-09,3.3176630834866767,0.0009074410163339744,4.4175948332801504e-09,2.6158917912022807e-08,0.0,0.0,-99.00180472473032,1.788551133495186e-08,7.864755142546954e-09,-7.156359565299767e-10,-3.111861707300955e-09,4.050640424859476e-09,5.420159848622751e-09,6.168274144021263e-09,4.592463281631839e-09,1.0708215257778363e-09,2.209081455938041e-09,-1.1273779434860036e-09,-4.025486699498673e-10,1.432249716832942e-35,6.6639994273473075e-37,1.1607184628758415e-36,2.1723394655450995e-37,0.16666666666666666,8.943131309475005e-37,5.942052222546405e-34,1.5630497836034415e-37,1.5184660522425288e-36,4.7572670022359353e-36,7.620665232391419e-36,9.525539383015872e-37,0.046064233199380564,0.0,0.0,0.0,0.0,0.0,0.0,0.0,0.0,0.0,0.0,0.0,0.0,0.0,0.0,0.0,0.0,0.0,0.0,0.0,0.0,0.0,0.0,0.0,0.0,0.0,0.0,0.0,0.0,0.0,0.0,0.0,0.0,0.0,0.0,0.0,4.1359030627651375e-25,4.440892098500626e-16,1.0842021724855042e-19,8.271806125530277e-25,3.3087224502121114e-24,0.0,0.0,1.4210854715202004e-14,3.3087224502121114e-24,1.6543612251060548e-24,1.0339757656912846e-25,4.1359030627651375e-25,0.0,8.271806125530277e-25,0.0,8.271806125530277e-25,2.0679515313825687e-25,4.1359030627651375e-25,0.0,5.169878828456423e-26,2.6727647100921956e-51,8.352389719038109e-53,1.6704779438076217e-52,4.1761948595190543e-53,2.7755575615628914e-17,1.6704779438076217e-52,0.0,2.0880974297595276e-53,3.3409558876152434e-52,0.0,1.3363823550460972e-51,0.0,6.938893903907227e-18,0.0,0.0,0.0,0.0,0.0,0.0,0.0,0.0,0.0,0.0,0.0,0.0,0.0,0.0,0.0,0.0,0.0,0.0,0.0,0.0,0.0,0.0,0.0,0.0,0.0,0.0,0.0,0.0,0.0,0.0,0.0,0.0,0.0,0.0
768.6813186813188,85.12396699756172,,,,,,,38.49169255355686,38.594079794945785,0.11074025728060208,0.050074968154019635,769.2307692307692,91.23692307692309,0.118608,128.84615384615378,16.233766233766232,55.19480519480521,15.4,187.5,,,0.0266327363373594,0.005900052919623315,0.0002820218451641294,4.513982620186353,0.8116071811127081,0.17979847274626906,-5.132793958683008,2021-12-23 15:28:29,0.0,3.058728816412427e-09,3.3176630834866767,0.0009074410163339744,4.4175948332801504e-09,2.6158917912022807e-08,0.0,0.0,-99.00180472473032,1.788551133495186e-08,7.864755142546954e-09,-7.156359565299767e-10,-3.111861707300955e-09,4.050640424859476e-09,5.420159848622751e-09,6.168274144021263e-09,4.592463281631839e-09,1.0708215257778363e-09,2.209081455938041e-09,-1.1273779434860036e-09,-4.025486699498673e-10,1.432249716832942e-35,6.6639994273473075e-37,1.1607184628758415e-36,2.1723394655450995e-37,0.16666666666666666,8.943131309475005e-37,5.942052222546405e-34,1.5630497836034415e-37,1.5184660522425288e-36,4.7572670022359353e-36,7.620665232391419e-36,9.525539383015872e-37,0.046064233199380564,0.0,0.0,0.0,0.0,0.0,0.0,0.0,0.0,0.0,0.0,0.0,0.0,0.0,0.0,0.0,0.0,0.0,0.0,0.0,0.0,0.0,0.0,0.0,0.0,0.0,0.0,0.0,0.0,0.0,0.0,0.0,0.0,0.0,0.0,0.0,4.1359030627651375e-25,4.440892098500626e-16,1.0842021724855042e-19,8.271806125530277e-25,3.3087224502121114e-24,0.0,0.0,1.4210854715202004e-14,3.3087224502121114e-24,1.6543612251060548e-24,1.0339757656912846e-25,4.1359030627651375e-25,0.0,8.271806125530277e-25,0.0,8.271806125530277e-25,2.0679515313825687e-25,4.1359030627651375e-25,0.0,5.169878828456423e-26,2.6727647100921956e-51,8.352389719038109e-53,1.6704779438076217e-52,4.1761948595190543e-53,2.7755575615628914e-17,1.6704779438076217e-52,0.0,2.0880974297595276e-53,3.3409558876152434e-52,0.0,1.3363823550460972e-51,0.0,6.938893903907227e-18,0.0,0.0,0.0,0.0,0.0,0.0,0.0,0.0,0.0,0.0,0.0,0.0,0.0,0.0,0.0,0.0,0.0,0.0,0.0,0.0,0.0,0.0,0.0,0.0,0.0,0.0,0.0,0.0,0.0,0.0,0.0,0.0,0.0,0.0
